Data Path: ./, Data Count: 6796
9	a	8	0
1	a	1	0
17	a	1	0
48	a	2	0
17	a	1	0
19	a	9	0
13	a	23	0
13	a	11	0
35	a	33	0
39	a	33	0
43	a	22	0
17	a	32	0
39	a	40	0
37	a	40	0
45	a	45	0
17	a	17	0
49	a	13	0
13	a	23	0
50	a	37	0
40	a	37	0
55	a	8	0
51	a	32	0
60	a	2	0
39	a	8	0
59	a	59	0
61	a	58	0
25	a	61	0
2089740	a	61	0
25	a	61	0
59	b	20010	0
72	a	9	0
61	a	39	0
36	a	39	0
146270	a	72	0
34	a	39	0
60	a	72	0
17	a	72	0
58	a	72	0
26	a	26	0
35	a	58	0
26	a	58	0
35	c	48	0
59	a	78	0
72	a	48	0
72	a	58	0
71	a	48	0
42	a	58	0
86	a	58	0
146637	a	37	0
71	a	30	0
80	a	87	0
44	a	87	0
146637	a	30	0
59	a	30	0
146637	a	59	0
9	a	72	0
70	a	30	0
42	a	39	0
17	a	48	0
33	a	39	0
17	a	83	0
30	a	91	0
93	a	58	0
59	a	83	0
86	a	78	0
55	a	78	0
80	a	83	0
71	a	60	0
50	a	2089740	0
91	b	17	0
35	a	71	0
50	a	91	0
39	a	91	0
96	a	91	0
91	a	1	0
71	a	62	0
91	c	62	1
48	a	91	1
34	a	91	1
71	a	91	1
91	b	48	1
55	a	146637	1
55	a	91	1
34	a	105	1
101	a	105	1
91	a	91	1
40	a	146637	1
106	a	96	1
109	a	109	1
91	a	109	1
40	a	91	1
49	a	109	1
106	c	71	1
91	a	71	1
49	a	91	1
55	a	106	1
59	a	59	1
58	a	59	1
59	a	63	1
50	a	59	1
61	c	111	1
59	a	61	1
100	c	106	1
59	a	111	1
100	a	91	1
50	a	61	1
5	a	32	1
116	a	61	1
116	a	106	1
119	a	91	1
109	a	106	1
80	a	115	1
117	a	106	1
122	a	115	1
116	a	61	1
124	a	49	1
122	a	122	1
118	a	115	1
134	a	134	1
91	a	134	1
136	a	49	1
135	a	25	1
137	a	91	1
137	a	40	1
123	a	72	1
136	a	91	1
17	a	49	1
144	a	2	1
147	a	111	1
49	a	71	1
147	a	136	1
50	a	147	1
143	a	77	1
150	a	83	1
153	a	147	1
136	a	151	1
154	a	83	1
156	a	61	1
154	a	111	1
86	a	2089740	1
86	a	104	1
157	a	13	1
86	a	105	1
161	a	147	1
156	a	61	1
156	a	154	1
157	a	2089740	1
154	a	78	1
157	a	154	1
156	a	134	1
136	a	136	1
154	a	25	1
58	a	25	1
163	a	49	2
39	a	25	2
149	a	91	2
34	a	91	2
116	a	157	2
116	a	91	2
111	a	91	2
116	a	116	2
76	a	91	2
175	a	49	2
175	a	83	2
156	a	61	2
13	a	25	2
173	a	172	2
183	a	151	2
154	a	184	2
122	a	136	2
33	a	172	2
188	a	111	2
91	a	143	2
197	a	154	2
197	a	191	2
197	a	104	2
117	a	115	2
199	a	146637	2
51	a	40	2
200	a	59	2
51	a	191	2
34	a	115	2
209	a	49	2
206	a	32	2
30	a	91	2
111	a	199	2
200	a	204	2
46	a	91	2
51	a	91	2
91	a	111	2
34	a	111	2
27	a	111	2
216	a	136	2
205	a	192	2
145	a	199	2
173	a	91	2
154	a	199	2
192	a	192	2
58	a	192	2
199	a	199	2
219	a	192	2
142	a	192	2
34	a	192	2
214	a	214	2
51	a	214	2
214	a	96	2
175	a	214	2
175	a	192	2
157	a	79	2
150	a	1384652	2
229	a	79	2
189	a	207	2
175	a	143	2
175	a	184	2
157	a	157	2
227	a	192	2
227	a	9	2
230	a	111	2
1384652	a	1384652	2
234	a	9	2
233	a	233	2
91	a	233	2
234	a	233	2
200	a	101	2
204	a	204	2
224	a	224	2
60	a	186	2
101	a	101	2
93	a	238	2
34	a	93	2
91	a	93	2
233	a	233	3
150	a	203	3
91	a	203	3
34	a	203	3
34	a	58	3
58	a	58	3
159	a	101	3
91	a	58	3
153	a	203	3
91	a	131	3
200	a	131	3
234	a	131	3
234	a	203	3
200	a	232	3
243	a	60	3
34	a	58	3
137	a	58	3
122	a	200	3
243	a	60	3
136	a	203	3
55	a	34	3
200	a	34	3
91	a	200	3
116	a	61	3
113	c	238	3
246	a	246	3
244	a	78	3
243	a	245	3
206	a	204	3
91	a	246	3
206	a	60	3
49	a	245	3
101	a	91	3
204	b	206	3
116	a	186	3
200	a	145	3
1	a	233	3
233	a	233	3
55	a	85	3
13	a	85	3
1	a	233	3
93	a	245	3
231	a	91	3
77	a	243	3
234	a	234	3
116	a	87	3
46	a	231	3
55	a	254	3
227	a	254	3
55	c	2	3
227	a	2	3
234	a	254	3
234	a	254	3
13	a	13	3
234	a	87	3
55	a	13	3
13	b	55	3
3	a	2	3
116	a	85	3
231	a	231	3
257	a	104	3
122	a	257	3
1	a	67	3
214	a	214	3
116	a	236	3
2090742	a	257	3
86	a	260	3
51	a	67	3
51	a	260	3
13	a	236	3
227	a	233	3
91	a	93	3
39	a	93	3
264	a	264	3
227	a	91	3
40	a	91	3
267	a	91	3
268	a	260	3
46	c	9	3
200	a	188	3
267	a	188	3
268	a	188	3
2090742	a	188	3
200	a	264	3
263	a	188	3
91	a	120	3
120	a	120	3
275	a	120	3
266	a	120	3
267	a	280	3
206	a	91	3
60	a	281	3
275	a	281	3
258	a	258	3
188	a	280	3
192	a	258	3
120	a	120	3
257	a	61	3
48	a	281	3
173	a	120	3
149	a	258	3
206	a	91	3
34	a	230	3
264	a	230	3
268	a	1	3
30	a	230	3
206	a	87	3
257	a	39	3
91	a	292	3
267	a	25	3
48	a	292	3
268	a	292	3
46	a	194	3
275	a	292	3
35	a	91	3
268	a	61	3
25	a	192	3
267	a	192	3
192	a	192	3
267	a	121	3
91	a	200	3
216	a	302	3
91	a	312	3
312	a	91	3
267	a	2089740	3
39	a	2089740	3
39	a	83	3
313	a	109	3
267	a	83	3
29	a	83	3
194	a	83	3
17	a	30	3
91	a	83	3
267	a	2089740	3
268	a	83	3
17	a	2089740	3
17	a	91	3
199	a	2089740	3
267	a	2089740	3
91	a	83	3
35	a	312	3
35	a	91	3
136	a	302	3
269	a	302	3
26	a	26	3
206	a	83	3
312	c	314	3
266	a	314	3
91	a	60	3
40	a	26	3
34	a	314	3
212	a	1	3
225	a	149	3
269	a	58	3
60	a	58	3
70	a	172	3
35	a	149	3
26	a	71	3
58	a	58	3
1384652	a	287	3
70	c	26	3
60	a	123	3
55	a	236	3
307	a	91	3
292	a	236	3
40	a	58	3
200	a	106	3
304	a	200	3
26	a	91	3
192	a	106	3
331	b	60	3
60	a	331	3
198	a	236	3
296	a	106	3
305	a	92	3
269	a	92	3
2089740	a	92	3
35	a	106	3
198	a	30	3
269	a	214	3
59	a	30	3
27	a	27	3
2089740	a	149	3
199	a	136	3
304	a	214	3
59	a	149	3
149	a	149	3
91	a	93	3
34	a	93	3
122	a	93	3
313	a	143	3
96	a	332	3
313	a	93	3
153	a	136	3
332	a	25	3
2089740	a	40	3
341	a	131	3
71	a	40	3
271	a	40	3
102	a	192	3
67	a	83	3
1384652	a	131	3
52	a	40	3
52	a	83	3
1384652	a	59	3
173	a	230	3
92	a	1384652	3
318	a	186	3
224	a	328	3
192	a	328	3
92	a	204	3
52	a	25	3
27	a	230	3
225	a	230	4
52	a	25	4
1384652	a	91	4
72	a	204	4
117	a	204	4
199	a	91	4
52	a	204	4
122	a	72	4
207	a	204	4
72	b	122	4
308	a	91	4
116	a	91	4
3	a	230	4
216	a	72	4
275	a	230	4
230	a	72	4
91	a	340	4
308	a	91	4
52	a	340	4
115	a	115	4
230	a	350	4
91	a	350	4
101	a	340	4
59	a	55	4
92	a	303	4
292	a	87	4
137	a	314	4
101	a	349	4
91	a	349	4
275	a	349	4
137	a	137	4
332	a	1	4
137	a	131	4
137	a	137	4
307	a	234	4
219	a	137	4
164	a	236	4
313	a	230	4
234	a	32	4
77	a	59	4
157	a	303	4
77	a	349	4
307	a	230	4
117	a	194	4
357	a	349	4
332	a	137	4
194	b	117	4
292	a	194	4
194	b	292	4
62	a	62	4
292	b	292	4
358	a	234	4
308	a	234	4
205	a	91	4
205	a	172	4
116	a	30	4
275	a	172	4
87	a	172	4
116	a	30	4
2089740	a	36	4
2089740	a	116	4
30	a	30	4
216	a	116	4
30	a	242	4
116	a	116	4
26	a	242	4
50	a	30	4
275	a	242	4
160	a	72	4
172	b	275	4
303	c	81	4
172	a	91	4
50	a	81	4
363	a	236	4
157	a	115	4
5	a	91	4
122	a	81	4
198	a	91	4
157	a	79	4
342	a	79	4
51	a	81	4
328	a	194	4
364	a	364	4
328	a	79	4
22	a	9	4
46	a	36	4
269	a	2090742	4
269	a	116	4
269	a	122	4
122	a	122	4
122	a	195	4
195	a	51	4
192	a	195	4
232	a	51	4
116	a	2090742	4
122	a	51	4
192	a	195	4
48	a	194	4
342	a	63	4
370	a	63	4
298	a	91	4
46	a	46	4
48	c	46	4
370	a	46	4
137	a	137	4
269	a	269	4
91	a	369	4
358	a	332	4
266	a	372	4
200	a	51	4
188	a	46	4
188	a	298	4
200	a	298	4
371	a	67	4
269	a	298	4
259	a	372	4
364	a	358	4
372	a	358	4
307	a	358	4
377	a	298	4
198	a	372	4
383	a	298	4
269	b	377	4
95	a	11	4
266	a	372	4
230	a	372	4
369	a	83	4
389	a	83	4
120	a	83	4
383	a	193	4
371	a	87	4
372	a	373	4
91	a	373	4
200	a	373	4
296	a	373	4
136	a	193	4
200	a	371	4
200	a	383	4
383	a	193	4
200	a	340	4
267	a	380	4
193	a	193	4
34	a	380	4
72	a	269	4
287	a	269	4
246	a	340	4
383	a	396	4
72	a	58	4
227	a	371	4
17	a	395	4
48	a	193	4
304	a	340	4
266	a	395	4
384	a	396	4
40	a	340	4
193	a	395	4
34	a	383	4
377	a	383	4
26	a	383	4
17	a	383	4
156	a	116	4
402	a	25	4
380	a	111	4
396	a	396	4
225	c	383	4
195	a	379	4
193	a	269	4
307	a	193	4
106	a	149	4
259	a	394	4
17	a	394	4
91	a	383	4
390	a	379	4
51	a	111	4
137	a	137	4
140	a	25	4
193	a	383	4
307	a	111	4
410	a	25	4
137	a	26	4
140	a	26	4
95	a	245	4
149	a	192	4
51	a	192	4
35	a	26	4
409	a	91	4
39	a	193	4
51	a	67	4
383	a	383	4
121	a	91	4
404	a	193	4
402	a	25	4
192	b	51	4
25	a	307	4
409	a	91	4
377	a	40	4
67	a	67	4
373	a	143	4
377	a	95	4
414	c	95	4
26	a	95	4
411	c	95	4
383	a	40	4
72	a	95	4
71	a	95	4
26	a	95	4
72	a	58	4
275	a	143	4
380	a	116	4
383	a	116	4
309844	a	116	4
170	a	116	4
266	a	91	4
275	a	379	4
2089740	a	79	4
305	a	58	4
91	a	58	4
398	a	311	4
402	a	91	4
383	a	277	4
312	a	277	4
269	a	394	4
2089740	a	152	4
342	a	311	4
269	a	277	4
91	a	303	4
200	a	58	4
312	a	303	4
27	a	91	4
422	a	340	4
26	a	350	4
157	a	307	4
1384652	a	307	4
225	a	307	4
157	a	3394	4
428	a	350	4
106	a	307	4
312	a	417	4
308	a	417	4
152	a	428	4
91	a	136	4
341	a	303	4
46	a	46	4
77	a	136	4
414	a	136	4
72	a	308	4
30	a	136	4
91	a	308	4
55	a	136	4
91	a	136	4
46	a	308	4
50	a	136	4
30	a	136	4
285	a	136	4
285	a	136	4
71	a	71	4
106	a	277	4
238	a	131	4
350	a	307	4
431	a	303	4
350	a	136	4
17	a	136	4
17	a	91	4
373	a	136	4
383	a	192	4
225	a	434	4
434	a	434	4
383	a	434	4
152	a	383	4
380	a	434	4
34	a	406	4
380	a	406	4
309844	a	406	4
149	a	406	4
383	a	406	4
71	a	383	4
72	a	406	4
227	a	406	4
423	a	406	4
266	a	406	4
225	a	383	4
137	a	406	4
357	a	383	4
305	a	406	4
434	a	383	4
327	a	434	4
305	a	432	4
383	a	432	4
34	a	432	4
137	a	136	4
45	a	432	4
199	a	136	4
36	a	17	4
342	a	91	4
224	a	383	4
383	a	357	4
71	a	357	4
414	a	357	4
25	a	406	4
350	a	434	4
414	a	45	4
434	a	434	4
92	a	45	4
432	a	434	4
225	a	434	4
30	a	406	4
423	a	45	4
435	a	432	4
34	a	45	4
58	a	432	4
404	a	357	4
434	a	307	4
116	a	432	4
415	a	432	4
383	a	184	4
92	a	435	4
423	a	72	4
357	a	435	4
304	a	435	4
91	a	435	4
432	a	431	4
415	a	45	4
116	a	75	4
198	a	435	4
25	a	396	4
91	a	396	4
36	a	396	4
432	a	443	4
404	a	396	4
306	a	75	4
289	a	447	4
91	a	434	4
306	a	431	4
269	a	431	4
2089740	a	45	4
308	a	447	4
446	a	8	4
383	a	33	4
34	a	33	4
308	a	396	4
342	a	396	4
237	a	307	4
269	a	116	4
307	a	396	4
45	a	33	4
192	a	328	4
39	a	437	4
34	b	45	4
415	a	33	4
234	a	447	4
269	a	116	4
30	a	116	4
429	a	33	4
75	a	116	4
446	a	25	4
289	a	448	4
234	a	234	4
318	a	448	4
448	a	448	4
271	a	304	4
419	a	33	4
449	a	437	4
36	a	383	4
200	a	432	4
269	a	432	4
103	c	257	4
383	a	437	4
36	a	383	4
116	b	75	4
216	a	431	4
274	a	232	4
233	a	396	4
116	a	116	4
327	a	404	4
449	a	206	4
360	a	422	4
170	a	404	4
42	a	206	4
206	a	437	4
224	a	432	4
116	a	381	4
227	a	446	4
455	a	25	4
122	a	25	4
1384652	a	454	4
227	a	396	4
271	a	454	4
457	a	454	4
453	a	434	4
122	a	277	4
1384652	a	277	4
30	a	116	4
376	a	277	4
233	c	447	4
103	a	381	4
446	a	371	4
306	a	85	5
275	a	1384652	5
431	a	431	5
404	a	404	5
92	a	1384652	5
454	a	454	5
71	a	404	5
357	a	39	5
419	a	51	5
332	a	406	5
234	a	446	5
306	a	184	5
124	a	362	5
122	a	362	5
92	a	58	5
204	a	454	5
204	a	58	5
419	a	58	5
188	a	25	5
188	a	1384652	5
99	a	145	5
188	a	381	5
432	a	362	5
188	a	304	5
429	a	861	5
402	a	861	5
457	a	324	5
49	c	227	5
364	a	364	5
313	a	32	5
459	a	49	5
457	a	155	5
49	a	434	5
431	a	391	5
468	a	350	5
372	a	391	5
2089740	a	358	5
453	a	391	5
234	a	391	5
369	a	358	5
392	a	391	5
358	a	358	5
431	a	358	5
457	a	147	5
216	a	358	5
116	a	358	5
40	a	358	5
369	a	358	5
285	a	439	5
431	a	271	5
2089740	a	462	5
116	a	58	5
101	a	358	5
116	a	58	5
429	a	462	5
2089740	a	58	5
430	a	219	5
92	a	58	5
363	a	121	5
153	a	219	5
457	a	83	5
404	a	277	5
328	a	328	5
430	a	30	5
457	a	358	5
49	a	404	5
342	a	462	5
342	a	291	5
430	a	92	5
101	a	358	5
423	a	92	5
122	a	92	5
340	a	92	5
101	a	358	5
99	a	92	5
101	a	280	5
116	a	358	5
116	a	92	5
423	a	434	5
100	a	92	5
91	a	327	5
269	a	92	5
372	a	291	5
372	a	92	5
86	a	219	5
232	a	232	5
232	a	45	5
95	a	434	5
86	a	219	5
278	a	92	5
475	b	91	5
91	a	87	5
373	a	358	5
86	a	87	5
445	a	475	5
391	a	475	5
341	a	475	5
51	a	380	5
95	a	434	5
192	a	380	5
39	a	291	5
383	a	476	5
265	a	476	5
342	a	370	5
51	a	192	5
383	a	22	5
91	a	479	5
383	a	22	5
192	b	51	5
383	a	230	5
143	a	143	5
484	a	25	5
482	a	439	5
482	a	25	5
383	a	439	5
275	a	383	5
486	a	25	5
383	a	192	5
51	b	51	5
483	a	204	5
377	a	204	5
486	a	486	5
487	a	383	5
383	a	486	5
383	a	231	5
377	a	439	5
246	a	204	5
267	a	479	5
491	a	25	5
489	a	1	5
332	a	383	5
491	a	91	5
492	a	92	5
493	a	479	5
380	a	377	5
364	a	46	5
377	a	377	5
486	a	25	5
199	a	186	5
383	a	186	5
377	a	439	5
489	a	493	5
266	a	493	5
267	a	493	5
267	a	46	5
488	a	186	5
279	a	186	5
155	a	155	5
33	a	277	5
257	a	370	5
279	a	122	5
533	a	484	5
489	a	503	5
216	a	484	5
192	a	383	5
489	a	383	5
51	a	503	5
257	c	257	5
501	a	257	5
342	c	257	5
51	c	192	5
507	a	503	5
457	a	324	5
164	a	219	5
37	a	383	5
370	a	46	5
482	a	116	5
20	a	357	5
265	a	357	5
37	a	357	5
161	a	25	5
475	a	277	5
383	a	384	5
194	b	48	5
75	a	384	5
419	a	35	5
34	a	547	5
265	c	547	5
60	a	547	5
482	c	547	5
383	a	35	5
91	c	514	5
419	a	514	5
60	a	35	5
512	a	395	5
60	a	514	5
91	a	35	5
308	a	514	5
115	a	1384652	5
34	a	514	5
230	a	395	5
383	a	1384652	5
26	a	1384652	5
115	a	1384652	5
91	a	342	5
26	a	437	5
396	a	342	5
383	c	342	5
265	a	342	5
30	a	342	5
115	a	342	5
518	a	25	5
1384652	a	342	5
136	a	1384652	5
20	a	342	5
35	a	342	5
419	a	383	5
91	a	383	5
383	a	308	5
507	a	383	5
136	a	514	5
518	a	58	5
164	a	342	5
266	a	527	5
475	b	17	5
91	a	383	5
48	a	383	5
419	a	527	5
448	a	383	5
377	b	91	5
136	a	527	5
437	a	383	5
448	a	527	5
519	a	35	5
392	a	527	5
443	a	479	5
431	c	383	5
37	a	383	5
83	a	49	5
121	a	383	5
26	a	383	5
383	a	437	5
91	a	437	5
86	a	362	5
399	a	1388162	5
116	a	437	5
357	a	527	5
83	a	91	5
35	a	30	5
193	a	517	5
317	a	30	5
83	a	91	5
357	a	384	5
71	a	30	5
518	a	362	5
414	a	517	5
519	a	328	5
414	a	230	5
533	a	230	5
534	a	91	5
383	a	230	5
538	a	131	5
36	a	30	5
91	a	479	5
383	a	517	5
124	a	124	5
537	a	124	5
423	a	44	5
527	a	527	5
35	a	517	5
136	a	124	5
536	a	234	5
35	a	44	5
58	a	58	5
543	a	362	5
269	a	402	5
91	a	402	5
541	a	91	5
25	a	92	5
71	a	269	5
1384652	a	269	5
91	a	269	5
271	a	269	5
547	a	44	5
71	a	534	5
269	c	26	5
122	a	556	5
556	a	72	5
501	a	136	5
265	a	269	5
296	c	557	5
514	a	556	5
225	a	557	5
116	a	44	5
40	a	92	5
432	a	381	5
116	a	514	5
106	a	557	5
1384652	a	514	5
383	a	514	5
91	a	514	5
35	a	404	5
381	a	514	5
437	a	514	5
75	a	136	5
82	a	551	5
384	a	557	5
50	a	91	5
35	a	514	5
83	a	381	5
122	a	381	5
35	a	549	5
423	a	381	5
35	a	205	5
551	a	551	5
205	a	205	5
37	a	381	5
116	a	547	5
383	a	91	5
394	a	83	5
1384652	a	59	5
91	a	479	5
116	a	91	5
384	a	479	5
342	a	514	5
194	a	91	5
35	a	91	5
430	a	527	5
563	a	83	5
35	a	560	5
91	c	83	5
373	a	514	5
116	a	423	5
35	a	423	5
116	a	547	5
35	a	547	5
51	a	547	5
26	a	83	5
431	a	547	5
370	a	406	5
306	a	1384652	5
51	a	1384652	5
100	a	1384652	5
51	c	1384652	5
116	a	1384652	5
86	c	547	5
402	a	163	5
551	a	381	5
206	a	1384652	5
93	a	59	5
547	a	547	5
26	a	26	5
453	a	26	5
117	a	1384652	5
35	a	122	5
567	a	49	5
560	a	122	5
309844	a	1384652	5
205	a	205	5
51	a	76	5
521	a	308	5
533	a	76	5
86	a	547	5
35	a	560	5
419	a	560	5
556	a	30	5
383	a	423	5
525	a	1384652	5
402	a	163	5
533	a	560	5
560	a	560	5
35	c	227	5
233	a	514	5
419	a	121	5
91	a	121	5
521	a	121	5
35	a	121	5
342	a	269	5
402	a	163	5
206	a	423	5
322	a	42	5
91	a	269	5
51	a	443	5
35	a	443	5
77	a	163	5
538	a	59	5
571	a	76	5
571	a	234	5
383	a	162	5
414	a	162	5
422	a	572	5
556	a	514	5
574	a	136	5
571	a	486	5
206	a	514	5
17	c	556	5
17	a	571	5
527	a	572	5
206	a	575	5
17	a	575	5
5	c	576	5
501	a	358	5
59	a	271	5
189	a	1384652	6
322	a	42	6
525	a	525	6
580	a	91	6
34	a	46	6
580	a	358	6
571	a	83	6
136	a	13	6
571	a	571	6
40	b	72	6
206	a	83	6
161	a	25	6
582	a	292	6
457	a	122	6
571	a	369	6
483	a	1384652	6
582	a	1384652	6
172	a	369	6
17	a	556	6
116	a	369	6
350	a	576	6
34	a	83	6
571	a	253	6
493	a	517	6
1199387	a	453	6
419	a	369	6
582	a	556	6
527	a	235	6
590	a	453	6
586	a	131	6
423	a	551	6
582	a	588	6
26	a	551	6
493	a	551	6
588	a	588	6
501	a	116	6
188	a	488	6
423	a	50	6
432	a	381	6
493	a	453	6
122	a	488	6
590	a	50	6
26	a	551	6
590	a	551	6
493	a	551	6
527	a	1384652	6
590	a	1384652	6
560	a	423	6
493	a	519	6
242	a	50	6
419	a	551	6
541	a	443	6
423	a	392	6
419	a	392	6
92	a	122	6
592	a	50	6
357	a	551	6
429	a	91	6
493	a	91	6
429	a	122	6
550	a	91	6
541	a	590	6
527	a	55	6
136	a	484	6
493	b	493	6
582	a	484	6
419	a	162	6
136	a	364	6
40	a	50	6
422	a	364	6
30	a	357	6
552	a	357	6
560	a	357	6
590	a	111	6
550	b	493	6
206	a	162	6
522	a	590	6
26	a	106	6
206	a	55	6
582	a	121	6
17	a	34	6
34	a	358	6
522	a	358	6
122	a	358	6
116	a	522	6
204	a	358	6
17	a	45	6
360	a	91	6
522	a	358	6
17	a	358	6
122	a	358	6
560	a	91	6
493	a	358	6
122	a	358	6
17	a	1525924	6
235	a	358	6
493	a	1525924	6
360	a	55	6
598	a	1525924	6
419	a	20207	6
430	a	50	6
598	a	571	6
493	a	522	6
157	a	522	6
271	a	522	6
462	a	121	6
264	a	131	6
55	a	264	6
308	a	358	6
198	a	122	6
117	a	264	6
308	a	396	6
202	a	264	6
533	a	358	6
264	a	369	6
404	a	396	6
231	a	369	6
533	a	369	6
389	a	131	6
40	a	264	6
528	a	25	6
598	a	364	6
574	a	307	6
332	a	423	6
574	a	92	6
522	a	92	6
536	a	404	6
9	a	404	6
358	a	307	6
404	a	202	6
51	a	202	6
489	a	202	6
278	a	95	6
476	a	476	6
264	a	202	6
259	a	370	6
422	a	100	6
380	a	349	6
122	a	235	6
198	a	235	6
488	a	488	6
227	a	202	6
137	a	92	6
227	a	192	6
193	c	95	6
46	a	46	6
383	c	192	6
383	a	202	6
358	a	17	6
116	a	192	6
116	a	192	6
383	a	267	6
116	a	192	6
383	a	86	6
605	a	267	6
342	a	383	6
486	a	92	6
267	a	383	6
486	a	192	6
100	a	486	6
612	a	189	6
608	a	350	6
170	a	381	6
49	a	95	6
608	a	588	6
267	a	609	6
480	a	501	6
445	a	91	6
33	a	227	6
419	a	202	6
617	a	501	6
618	a	116	6
611	a	522	6
621	c	95	6
618	a	145	6
608	a	332	6
618	a	121	6
615	a	202	6
489	a	383	6
267	a	383	6
608	a	383	6
40	a	402	6
615	a	383	6
493	a	380	6
383	b	267	6
267	a	383	6
267	a	383	6
489	a	384	6
619	a	383	6
383	a	384	6
34	a	384	6
267	a	384	6
34	a	383	6
489	a	383	6
267	a	383	6
51	a	383	6
238	a	307	6
93	a	384	6
267	a	608	6
267	a	307	6
287	a	287	6
383	a	406	6
75	a	406	6
588	a	406	6
287	a	634	6
486	a	381	6
410	a	25	6
267	a	406	6
360	a	381	6
615	a	17	6
26	a	637	6
267	a	637	6
309844	a	634	6
383	a	637	6
309844	a	637	6
91	a	637	6
557	a	637	6
645	a	39	6
137	a	406	6
556	a	637	6
206	a	91	6
341	a	637	6
157	a	287	6
444	a	637	6
576	a	576	6
92	a	381	6
341	a	381	6
194	a	381	6
83	a	637	6
390	a	381	6
634	a	381	6
227	a	205	6
547	a	637	6
271	a	381	6
462	a	381	6
519	a	274	6
123	a	91	6
275	a	390	6
51	a	390	6
177	a	177	6
194	a	75	6
102	a	75	6
501	a	75	6
658	a	75	6
309844	a	75	6
309844	a	547	6
274	a	274	6
657	a	637	6
309844	a	547	6
55	a	483	6
271	a	323	6
106	a	323	6
312	a	323	6
20	a	547	6
304	a	527	6
199	a	323	6
636	a	567	6
60	a	67	6
309844	a	483	6
122	a	350	6
22	a	26	6
567	a	626	6
673	a	323	6
666	a	323	6
122	a	670	6
22	a	26	6
71	a	350	6
613	a	431	6
574	a	26	6
26	a	673	6
613	a	1384652	6
22	a	518	6
1384652	a	518	6
96	a	666	6
676	a	673	6
58	a	673	6
122	a	518	6
609	a	673	6
676	a	1384652	6
1384652	a	404	6
676	a	518	6
194	a	404	6
676	a	567	6
414	a	527	6
673	a	92	6
414	a	92	6
660	a	1384652	6
92	a	92	6
383	a	404	6
99	a	637	6
673	a	406	6
315	a	41	6
283	a	404	6
439	a	681	6
541	a	567	6
383	a	657	6
414	c	681	6
383	a	404	6
660	a	431	6
414	a	527	6
682	a	637	6
430	a	277	6
235	a	287	6
350	b	230	6
238	a	277	6
521	a	350	6
383	a	350	6
383	a	296	6
521	a	296	6
383	a	422	6
383	a	1384652	6
673	a	318	6
536	a	350	6
238	c	58	6
576	a	576	6
547	a	318	6
861	a	670	6
676	a	318	6
25	a	682	6
392	a	404	6
238	a	576	6
51	a	193	6
225	a	377	6
137	a	404	6
116	a	422	6
438	a	350	6
50	a	318	6
59	a	318	6
341	a	1384652	6
861	a	682	6
680	a	556	6
122	a	682	6
567	a	563	6
267	a	431	6
86	a	318	6
521	a	5	6
666	a	666	6
51	a	5	6
26	a	5	6
383	a	5	6
198	a	670	6
116	a	556	6
636	a	556	6
649	a	637	6
225	a	383	6
205	a	111	6
137	a	264	6
574	a	637	6
521	a	111	6
225	a	326	6
404	a	326	6
267	a	439	6
162	a	383	6
5	a	637	6
111	a	111	6
75	a	429	6
304	a	429	6
430	a	147	6
283	a	383	6
572	b	383	6
22	a	26	6
91	a	572	6
283	a	383	6
431	a	572	6
394	a	572	6
383	a	383	6
636	a	26	6
40	c	383	6
116	a	422	6
26	a	26	6
667	a	383	6
26	a	357	6
326	a	326	6
377	a	357	6
383	a	357	6
350	a	357	6
292	a	357	6
173	a	618	6
308	a	357	6
283	a	383	6
267	a	357	6
122	a	357	6
501	a	676	6
122	a	106	6
380	a	357	6
204	a	572	6
667	a	51	6
204	a	318	6
380	a	398	6
233	a	83	6
204	a	673	6
422	a	422	6
357	a	556	6
521	a	556	6
414	a	106	6
5	a	83	6
380	a	327	6
227	a	556	6
91	a	556	6
92	a	556	6
5	a	556	6
327	a	327	6
267	a	122	6
608	a	556	6
71	a	556	6
357	a	572	6
518	a	122	6
227	a	122	6
227	a	572	6
311	a	357	6
267	a	327	6
234	a	357	6
267	a	357	6
234	a	357	6
50	a	383	6
154	c	556	6
636	a	556	6
622	a	92	6
611	a	556	6
267	a	327	6
611	a	357	7
615	a	435	7
137	a	556	7
137	a	556	7
71	a	556	7
414	c	207	7
5	b	357	7
137	a	556	7
267	a	207	7
13	a	357	7
267	a	659	7
402	a	659	7
304	a	219	7
233	a	659	7
92	a	659	7
71	a	58	7
234	a	659	7
25	a	25	7
332	a	659	7
521	a	590	7
615	a	590	7
550	c	432	7
312	a	312	7
550	a	117	7
60	a	556	7
697	a	636	7
357	b	357	7
493	a	691	7
493	a	698	7
697	a	383	7
202	a	590	7
698	a	698	7
61	b	92	7
493	a	173	7
49	a	17	7
493	a	698	7
49	a	435	7
574	a	590	7
624	a	697	7
699	a	556	7
522	a	861	7
108	a	861	7
122	a	861	7
519	a	350	7
611	a	861	7
645	a	861	7
358	a	556	7
100	a	122	7
534	a	861	7
463	a	122	7
493	a	122	7
608	a	91	7
645	a	91	7
364	a	364	7
372	a	659	7
702	a	350	7
463	a	861	7
419	c	627	7
419	a	697	7
206	a	861	7
358	a	106	7
699	a	25	7
571	a	219	7
691	b	493	7
590	a	615	7
581	a	615	7
116	a	615	7
699	a	573	7
615	b	116	7
285	a	111	7
653	a	404	7
77	a	219	7
493	b	493	7
61	a	653	7
285	a	34	7
67	a	67	7
653	a	439	7
396	a	122	7
699	a	573	7
657	a	653	7
257	a	703	7
61	a	703	7
657	a	115	7
60	a	67	7
457	a	257	7
50	a	653	7
106	a	257	7
457	a	117	7
493	a	493	7
50	a	117	7
342	a	653	7
534	a	703	7
653	a	364	7
364	a	364	7
380	a	143	7
423	a	364	7
1199387	a	358	7
1199387	c	534	7
108465	a	116	7
116	a	117	7
1199387	a	659	7
108465	a	522	7
267	a	108465	7
615	a	108465	7
257	a	568	7
188	a	615	7
364	a	568	7
486	a	568	7
108465	a	568	7
615	b	581	7
573	a	573	7
699	a	573	7
380	a	327	7
699	a	116	7
580	a	357	7
358	a	568	7
267	a	568	7
714	a	703	7
33	a	713	7
714	a	380	7
718	a	327	7
381	a	568	7
383	a	327	7
100	a	713	7
200	a	327	7
170	a	137	7
615	a	383	7
580	a	81	7
194	a	133	7
383	a	191	7
619	a	191	7
614	a	133	7
267	a	58	7
238	a	108465	7
267	a	191	7
267	a	58	7
341	a	115	7
267	a	383	7
206	a	108465	7
214	a	91	7
621	a	191	7
721	a	2	7
40	a	115	7
493	a	133	7
512	a	627	7
493	a	726	7
257	a	1384652	7
48	a	1384652	7
34	a	1384652	7
267	a	1384652	7
729	a	1384652	7
267	a	730	7
257	a	1384652	7
493	a	267	7
728	a	108465	7
733	a	730	7
267	a	267	7
493	a	267	7
383	a	556	7
267	b	493	7
34	a	721	7
59	a	58	7
475	a	721	7
30	a	58	7
702	a	133	7
357	a	556	7
493	a	721	7
740	a	267	7
741	a	133	7
493	a	733	7
533	a	342	7
194	a	733	7
383	a	733	7
740	a	162	7
59	a	726	7
299	a	71	7
740	a	71	7
721	a	1384652	7
1384652	a	396	7
482	a	1384652	7
309844	a	394	7
36	a	396	7
721	a	396	7
745	a	394	7
309844	a	394	7
567	a	1384652	7
342	a	342	7
740	a	76	7
257	a	342	7
437	a	1384652	7
501	a	159	7
35	a	396	7
517	a	396	7
372	a	721	7
383	a	726	7
299	a	726	7
372	a	396	7
626	a	726	7
214	a	428	7
507	a	205	7
740	a	726	7
309844	c	394	7
567	a	383	7
20	a	396	7
507	a	396	7
204	a	383	7
106	a	383	7
627	a	733	7
726	a	383	7
430	a	726	7
106	a	482	7
309844	a	394	7
106	a	396	7
567	a	383	7
267	a	383	7
748	a	404	7
372	a	445	7
567	a	445	7
30	a	556	7
383	a	556	7
573	a	383	7
20	a	556	7
726	a	556	7
419	a	445	7
106	a	556	7
35	a	556	7
235	a	235	7
377	a	191	7
636	a	726	7
751	a	726	7
729	a	35	7
729	a	556	7
423	a	758	7
676	a	758	7
423	a	556	7
302	a	758	7
567	a	758	7
121	a	758	7
722	a	758	7
756	a	445	7
519	a	225	7
299	a	225	7
757	a	758	7
636	a	699	7
42	a	861	7
636	a	755	7
580	a	195	7
214	a	81	7
617	a	617	7
525	a	525	7
517	a	702	7
619	a	754	7
302	a	754	7
419	a	702	7
758	a	754	7
309844	a	745	7
726	a	754	7
573	a	1384652	7
32	a	1384652	7
72	a	1384652	7
205	a	1384652	7
580	a	861	7
42	a	1384652	7
573	a	726	7
758	a	1384652	7
267	a	763	7
116	a	726	7
765	a	1384652	7
726	a	726	7
122	a	1384652	7
327	a	327	7
34	a	1384652	7
756	a	1384652	7
726	a	1384652	7
758	a	59	7
267	a	702	7
55	a	1384652	7
758	a	204	7
527	a	726	7
192	a	615	7
721	a	702	7
617	a	322	7
32	a	1384652	7
40	a	322	7
106	a	702	7
619	a	322	7
122	a	322	7
350	a	322	7
40	a	1384652	7
758	a	556	7
756	a	756	7
419	a	556	7
328	a	1384652	7
12081	a	702	7
404	a	756	7
58	a	58	7
42	a	327	7
30	a	322	7
632	a	756	7
194	a	721	7
312	a	721	7
574	a	673	7
727	a	72	7
257	a	726	7
380	a	721	7
32	a	267	7
302	a	91	7
637	a	72	7
308	a	770	7
383	a	257	7
56	a	147	7
56	a	666	7
419	a	396	7
423	a	257	7
423	a	396	7
573	a	204	7
267	a	56	7
419	a	56	7
419	a	56	7
299	a	56	7
341	a	115	7
341	a	58	7
431	a	58	7
56	b	419	7
341	a	722	7
729	a	235	7
341	c	58	7
758	a	122	7
763	a	204	7
729	a	563	7
58	a	58	7
419	b	419	7
721	a	779	7
571	a	763	7
637	a	763	7
419	a	779	7
56	a	56	7
773	a	188	7
423	a	576	7
521	a	576	7
419	a	576	7
521	a	357	7
773	a	568	7
91	a	357	7
784	a	56	7
726	a	754	7
303	a	785	8
571	a	56	8
581	a	357	8
137	a	147	8
91	a	560	8
726	a	357	8
541	a	560	8
243	a	560	8
489	a	560	8
726	a	59	8
137	a	232	8
224	a	101	8
137	a	264	8
419	a	232	8
573	a	527	8
527	a	527	8
234	a	503	8
92	a	527	8
615	a	779	8
384	a	56	8
737	a	122	8
304	a	122	8
488	a	609	8
384	a	784	8
137	a	763	8
727	a	755	8
429	a	658	8
429	a	784	8
781	a	92	8
588	a	784	8
234	a	784	8
106	a	233	8
234	a	785	8
588	a	56	8
372	a	307	8
791	a	92	8
271	a	797	8
234	a	357	8
122	a	797	8
67	a	797	8
792	a	797	8
613	a	797	8
13	a	658	8
122	a	797	8
796	a	91	8
797	a	797	8
784	a	658	8
372	a	797	8
796	a	91	8
233	a	797	8
796	a	203	8
796	a	59	8
457	a	797	8
797	a	797	8
305	a	796	8
544	a	797	8
863	a	797	8
797	a	796	8
810	a	637	8
13	a	27687	8
795	a	796	8
797	a	27687	8
813	a	103	8
795	a	637	8
825	a	85	8
796	a	103	8
699	a	637	8
816	a	816	8
423	a	810	8
810	a	810	8
464	a	810	8
813	a	103	8
404	a	27687	8
103	a	103	8
825	a	634	8
816	a	27687	8
813	a	103	8
92	a	782	8
831	a	573	8
813	a	1384652	8
571	a	797	8
832	a	92	8
122	a	782	8
464	a	1384652	8
1384652	a	796	8
714	a	493	8
795	a	103	8
122	a	816	8
834	a	27687	8
383	a	1384652	8
198	a	728	8
835	a	637	8
383	a	810	8
719	a	796	8
837	a	92	8
56	a	1384652	8
56	a	831	8
383	a	233	8
571	a	832	8
122	a	718	8
304	a	816	8
573	a	782	8
573	a	307	8
364	a	133	8
706	a	91	8
838	a	202	8
342	a	342	8
488	a	78	8
838	a	33	8
475	a	770	8
383	a	257	8
192	a	133	8
810	a	770	8
417	a	770	8
810	a	33	8
417	a	133	8
810	a	133	8
810	a	718	8
573	a	527	8
274	a	718	8
146270	a	770	8
146270	a	133	8
727	a	91	8
108	a	27687	8
146270	a	560	8
614	a	27687	8
834	a	770	8
257	a	257	8
11944	a	192	8
483	a	770	8
457	a	797	8
11944	a	192	8
493	a	837	8
493	a	718	8
475	a	718	8
758	a	247	8
383	a	493	8
791	a	326	8
507	a	493	8
108	a	493	8
11944	a	486	8
111	a	493	8
447	a	770	8
358	a	797	8
137	a	770	8
1525924	a	133	8
358	a	745	8
381	a	527	8
840	a	854	8
419	a	493	8
200	a	25	8
506	a	770	8
782	c	797	8
381	a	92	8
383	a	493	8
304	a	797	8
200	a	25	8
200	a	852	8
304	a	493	8
106	a	381	8
25	a	25	8
578	a	852	8
380	a	381	8
657	a	381	8
573	a	381	8
91	a	770	8
20	a	381	8
653	a	232	8
430	a	527	8
382494	a	637	8
755	a	852	8
755	a	361	8
380	a	493	8
380	a	493	8
198	a	837	8
452120	a	861	8
381	a	380	8
308	a	380	8
527	a	380	8
122	a	380	8
419	a	631	8
714	a	852	8
714	a	797	9
631	a	631	9
419	a	636	9
489	a	396	9
398	a	396	9
714	a	755	9
699	a	852	9
795	a	810	9
291	a	396	9
872	a	755	9
106	a	396	9
615	a	799	9
873	a	91	9
63	a	571	9
483	a	91	9
358	a	380	9
358	a	381	9
122	a	752	9
483	a	380	9
775	a	799	9
799	a	863	9
872	a	752	9
687	a	230	9
122	a	752	9
2521991	a	609	9
430	a	86	9
781	a	377	9
781	a	831	9
541	a	831	9
533	a	534	9
534	a	91	9
430	a	527	9
358	a	493	9
13	a	493	9
106	a	876	9
13	a	755	9
611	a	91	9
369	a	369	9
116	a	369	9
611	a	755	9
116	a	493	9
872	a	755	9
872	a	493	9
872	a	369	9
878	a	100	9
878	a	147	9
872	a	571	9
92	a	100	9
193	a	571	9
878	a	87	9
373	a	571	9
883	a	122	9
878	a	340	9
341	a	876	9
697	a	327	9
13	a	147	9
891	a	888	9
888	a	381	9
464	c	889	9
13	a	381	9
51	a	889	9
1	a	889	9
878	a	636	9
878	a	373	9
891	a	373	9
872	a	373	9
608	a	373	9
897	a	636	9
571	a	889	9
872	b	608	9
714	a	888	9
714	b	46	9
51	a	889	9
714	a	889	9
878	a	889	9
842	a	381	9
608	b	608	9
878	a	653	9
914	a	2089740	9
891	a	381	9
274	a	721	9
891	a	797	9
371	a	917	9
722	a	274	9
748	a	571	9
919	a	571	9
224	a	274	9
205	a	799	9
618	a	799	9
342	a	852	9
922	a	371	9
33	a	274	9
885	a	797	9
33	a	889	9
923	a	527	9
419	a	916	9
905	a	91	9
809	a	916	9
905	a	371	9
657	a	889	9
852	a	852	9
758	a	916	9
927	a	164	9
740	a	799	9
740	a	799	9
2521991	a	925	9
758	a	758	9
814	a	814	9
905	a	51	9
758	a	758	9
881	a	573	9
905	a	8	9
194	a	573	9
266	a	573	9
729	a	917	9
872	a	568	9
92	a	573	9
145	a	145	9
878	a	573	9
758	c	889	9
758	a	755	9
145	a	145	9
872	a	755	9
791	a	568	9
853	a	755	9
207	a	207	9
931	a	198	9
207	a	755	9
122	a	573	9
872	a	916	9
146270	a	371	9
905	a	755	9
146270	a	274	9
146270	a	886	9
116	a	573	9
940	a	145	9
116	a	198	9
145	a	145	9
885	a	573	9
885	a	755	9
931	a	755	9
233	a	233	9
872	a	233	9
1975282	a	636	9
1975282	a	91	9
234	a	755	9
803	a	755	9
234	a	277	10
383	a	145	10
193	a	905	10
122	a	573	10
943	a	573	10
608	a	945	10
550	a	277	10
1228206	a	373	10
872	a	493	10
234	a	573	10
486	a	277	10
493	a	116	10
748	a	636	10
953	a	49	10
486	a	796	10
733	a	889	10
486	a	876	10
150	a	150	10
795	a	876	10
615	a	856	10
49	a	856	10
940	a	145	10
206	a	233	10
952	a	856	10
716	a	889	10
951	a	573	10
486	a	58	10
234	a	136	10
486	a	46	10
430	a	925	10
157	a	145	10
486	a	59	10
1975282	a	889	10
785	a	785	10
122	a	556	10
122	a	556	10
567	a	925	10
122	a	889	10
231	a	234	10
954	a	568	10
61	a	813	10
615	a	234	10
486	a	556	10
61	a	888	10
242	a	856	10
781	a	770	10
234	a	841	10
342	a	493	10
63	a	61	10
872	a	797	10
872	a	61	10
224	a	708	10
716	a	61	10
872	a	959	10
959	a	959	10
373	a	856	10
959	a	122	10
61	a	61	10
872	a	959	10
758	a	541	10
872	a	61	10
872	a	61	10
234	a	122	10
234	a	61	10
952	a	721	10
116	a	61	10
968	a	961	10
122	a	518	10
342	a	917	10
961	a	162	10
46	a	886	10
588	a	917	10
960	a	518	10
893	a	61	10
925	a	925	10
927	a	164	10
893	a	541	10
46	a	518	10
122	a	342	10
909	a	342	10
893	a	973	10
383	a	961	10
193	a	973	10
122	a	973	10
372	a	342	10
122	a	372	10
268	a	518	10
493	a	133	10
518	b	46	10
372	a	133	10
961	a	133	10
716	a	194	10
372	a	493	10
960	a	493	10
893	a	381	10
274	a	381	10
960	a	383	10
964	a	893	10
615	a	383	10
309844	a	706	10
893	a	912	10
431	a	383	10
972	a	893	10
977	a	383	10
905	a	383	10
890	a	706	10
893	a	912	10
978	a	383	10
893	a	972	10
257	a	61	10
961	a	230	10
960	a	230	10
972	a	972	10
972	a	40	10
608	a	230	10
987	a	493	10
729	a	423	10
986	a	92	10
993	a	383	10
605	a	383	10
567	a	92	10
972	a	931	10
493	a	230	10
373	a	383	10
997	a	193	10
137	a	137	10
631	c	194	10
230	b	608	10
225	a	225	10
905	a	439	10
287	a	1007	10
287	a	998	10
999	a	92	10
673	a	396	10
373	a	133	10
430	a	527	10
287	a	998	10
1011	a	137	10
972	a	755	10
740	a	383	10
960	a	396	10
1009	a	122	10
999	a	298	10
900	a	93	10
60	a	1013	10
721	a	1013	10
765	a	277	10
298	a	298	10
447	a	1013	10
900	a	93	10
572	a	791	10
198	a	791	10
900	a	615	10
737	a	998	10
383	a	194	10
106	a	1013	10
900	a	93	10
279	a	608	10
631	a	194	10
1382	a	133	10
810	a	1013	10
493	a	493	10
164	a	381	10
247	a	247	10
631	a	194	10
900	a	93	10
190	a	889	10
1024	a	25	10
1028	a	572	10
572	a	383	10
832	a	572	10
1024	a	840	10
960	a	572	10
1028	a	572	10
811	a	841	10
1026	a	122	10
969	a	235	10
613	c	432	10
1028	a	432	10
722	a	1030	10
872	a	432	10
1028	a	1030	10
147	a	726	10
740	a	1030	10
72	a	840	10
268	a	432	10
722	a	751	10
230	a	230	10
266	a	1031	10
268	a	384	10
72	a	1031	10
994	a	151	10
842	a	1031	10
729	a	1031	10
889	a	402	10
740	a	1030	10
1030	a	1030	10
999	a	751	10
1975282	a	268	10
1008	a	1031	10
1975282	a	428190	10
72	a	428190	10
1035	a	428190	10
1034	a	25	10
999	a	428190	10
840	a	428190	10
268	a	547	10
999	a	268	10
740	a	383	10
106	a	268	10
311	a	432	10
999	a	402	10
1975282	b	999	10
810	a	889	10
763	a	1031	10
1975282	a	25	10
889	a	402	10
1975282	a	96	10
960	a	1027	10
33	a	194	10
673	a	1027	10
1975282	a	194	10
985	a	207	10
245	a	742	10
312	a	742	10
1039	a	832	10
993	a	383	10
737	a	25	10
571	a	493	10
960	a	557	10
430	a	25	10
1975282	a	905	10
838	a	194	10
889	a	402	10
737	a	25	10
1043	a	797	10
5	a	493	10
636	a	721	10
394	a	1027	10
380	a	905	10
571	a	133	10
563	a	96	10
810	a	557	10
194	a	194	10
999	a	30	10
380	a	96	10
792	a	402	10
79	a	999	10
547	c	999	10
76	a	17	10
244	a	122	10
889	a	402	10
960	a	751	10
1047	c	2090742	10
429	a	380	10
960	a	277	10
872	a	277	10
982	a	383	10
1035	a	122	10
1030	a	685	10
931	a	931	10
521	a	277	10
985	a	745	10
672	a	685	10
17	a	193	10
1026	a	277	10
12081	a	982	10
755	a	982	10
72	a	547	10
428190	c	736	10
922	a	982	10
792	a	402	10
96	a	96	10
121	a	277	10
234	a	383	10
234	a	751	10
380	a	727	10
475	a	727	10
1035	a	782	10
1026	a	727	10
832	a	72	10
993	a	727	10
380	a	72	10
729	a	72	10
925	a	751	10
475	a	72	10
475	c	432	10
832	a	708	10
457	a	432	10
394	a	432	10
872	a	432	10
432	a	432	10
1026	a	432	10
872	b	457	10
905	a	179	10
645	a	96	10
234	a	432	10
116	a	782	10
369	c	727	10
507	a	703	10
512	a	1031	11
987	a	519	11
1053	a	519	11
571	a	193	11
872	a	519	11
369	a	519	11
987	a	1031	11
1053	a	519	11
788	a	519	11
71	a	519	11
810	a	519	11
987	a	179	11
1054	a	360	11
1035	a	923	11
109	a	519	11
1035	a	277	11
194	a	277	11
1057	a	189	11
1054	a	1054	11
608	a	230	11
71	a	708	11
1059	a	370	11
1057	a	1384652	11
543	a	917	11
527	a	923	11
1060	a	514	11
234	a	370	11
234	a	179	11
791	a	303	11
55	a	940	11
429	a	940	11
493	a	230	11
122	a	940	11
571	a	680	11
364	a	680	11
611	a	940	11
493	a	680	11
737	a	742	11
202	a	680	11
493	a	940	11
1	a	940	11
619	a	519	11
234	a	680	11
796	a	547	11
234	a	514	11
437	c	680	11
954	a	432	11
115	a	277	11
233	a	396	11
396	a	917	11
202	a	396	11
106	a	680	11
234	a	940	11
372	a	396	11
809	a	277	11
809	a	727	11
785	a	785	11
493	a	571	11
233	a	571	11
588	a	547	11
657	a	326	11
225	a	396	11
732	c	727	11
814	a	733	11
699	a	917	11
257	a	233	11
611	a	733	11
75	a	57	11
733	a	580	11
429	a	580	11
611	a	580	11
580	a	93	11
234	a	580	11
580	a	708	11
157	a	580	11
234	a	257	11
483	a	580	11
1	a	1	11
116	a	716	11
157	a	1	11
446	a	580	11
1061	a	1	11
342	a	716	11
483	a	615	11
832	a	1	11
872	a	716	11
493	a	1	11
872	a	716	11
342	a	257	11
598	a	364	11
611	a	708	11
1058	c	1	11
1061	a	1	11
493	a	459	11
459	a	459	11
489	a	580	11
13	a	716	11
872	a	716	11
571	a	1	11
872	a	716	11
872	a	1	11
960	a	1065	11
1053	a	195	11
872	a	1	11
713	a	1	11
872	a	195	11
1053	a	1063	11
872	a	1063	11
968	a	1065	11
832	a	1065	11
372	a	905	11
341	a	1	11
832	a	551	11
459	a	1065	11
960	a	905	11
699	a	834	11
1053	a	551	11
372	a	551	11
968	a	551	11
1035	a	834	11
332	a	1065	11
968	a	551	11
987	a	1065	11
146270	a	72	11
900	a	834	11
987	a	195	11
1053	a	551	11
483	a	580	11
832	a	551	11
968	a	143	11
834	a	917	11
999	a	1063	11
834	a	998	11
342	a	716	11
872	a	998	11
893	a	609	11
51	a	33	11
372	a	2759376	11
893	a	2759376	11
1069	a	2759376	11
832	a	2759376	11
998	a	998	11
893	a	982	11
719	a	459	11
1065	a	982	11
893	a	832	11
275	a	832	11
198	a	834	11
838	a	832	11
383	a	1	11
372	c	832	11
837	a	834	11
987	a	2759376	11
259	a	2759376	11
706	a	974	11
905	a	982	11
238	a	974	11
905	a	1076	11
905	a	383	11
383	a	1076	11
372	a	1076	11
383	b	905	11
383	c	439	11
987	a	383	11
1075	a	1076	11
383	b	987	11
1082	a	1076	11
238	a	432	11
987	b	987	11
987	b	905	11
1065	a	254	11
1084	a	432	11
383	b	987	11
1075	a	475	11
987	a	383	11
1087	a	1149	11
33	a	194	11
900	a	708	11
784	a	889	11
832	a	194	11
95	a	1075	11
1100	a	889	11
1065	a	381	11
619	a	1	11
93	a	93	11
200	a	908	11
279	a	2089740	11
905	a	350	11
377	a	572	11
1042	a	522	11
961	a	908	11
1104	a	1030	11
1109	a	266	11
1042	a	257	11
1071	a	614	11
998	a	614	11
42	a	2089740	11
987	a	1108	11
1107	a	91	11
961	a	614	11
1087	a	614	11
1104	a	614	11
1109	a	266	11
905	a	254	11
908	a	1108	11
42	a	254	11
200	a	267	11
1078	a	1108	11
267	a	267	11
991	a	1108	11
1037	a	614	11
1109	a	26	11
1060	a	1075	11
42	a	2759376	11
279	a	381	11
1037	a	1008	11
383	b	905	11
1087	a	572	11
383	a	1078	11
279	a	381	11
987	b	905	11
993	a	908	11
267	a	383	11
987	a	1078	11
1109	a	292	11
383	a	383	11
42	a	1108	11
207	a	292	11
194	a	61	11
267	a	61	11
42	a	61	11
917	a	25	11
372	a	61	11
267	a	61	11
842	a	522	11
1115	a	1109	11
383	a	1109	11
630	a	886	11
383	a	1078	11
1065	a	61	11
832	a	61	11
1120	a	61	11
1115	a	459	11
945	a	1109	11
1030	a	908	11
1008	a	1008	11
791	a	522	11
716	a	1109	11
430	a	1025	11
12081	a	1108	11
732	a	91	11
722	a	1008	11
810	a	58	11
722	a	31505	11
672	a	672	11
922	a	31505	11
1065	a	95	11
1088	a	266	11
1115	a	672	11
1025	a	193	11
936	a	551	11
372	a	614	11
31505	a	31505	11
602	a	703	11
1975282	a	733	11
936	a	733	11
372	a	733	11
404	a	733	11
509	a	1075	11
685	a	726	11
1975282	a	1107	11
1025	a	733	11
567	c	551	11
198	a	381	11
483	a	1075	11
372	a	721	11
927	a	1025	11
960	a	178	11
79	a	738	11
960	a	832	11
372	b	372	11
832	b	372	11
630	a	832	11
377	a	565	11
372	a	832	11
832	b	372	11
91	a	565	11
987	a	565	11
982	a	721	11
837	a	565	11
91	a	509	11
765	a	834	11
372	a	565	11
394	a	145	11
769	a	580	11
1087	a	145	11
91	a	85	11
905	a	832	11
5	a	565	11
91	a	137	11
247	c	1124	11
247	a	565	11
17	a	940	11
17	a	1111	11
308	a	133	11
308	a	475	11
372	b	372	11
238	a	238	11
322	a	580	11
17	a	636	11
17	a	1030	11
17	a	296	11
1124	a	1124	11
1975282	a	296	11
1008	a	1030	11
91	a	614	11
17	a	614	11
91	a	31505	11
1065	a	31505	11
1975282	a	31505	11
17	a	31505	11
1060	a	1030	11
791	a	1075	11
122	a	31505	11
1075	a	31505	11
1124	a	33	11
170	a	27687	11
414	a	31505	11
31505	a	396	11
170	a	699	11
572	a	396	11
1075	a	428190	11
12081	a	31505	11
198	a	27687	11
775	a	396	11
960	a	31505	11
428190	c	296	11
745	a	745	11
115	a	572	11
825	a	116	11
745	a	116	11
75	a	459	11
571	a	565	11
414	a	116	11
1135	a	31505	11
1104	a	565	11
745	a	889	11
1137	a	571	11
1005	a	726	11
905	a	31505	11
908	a	908	11
238	a	232	11
71	a	232	11
745	a	85	11
429	a	31505	11
905	a	580	11
1122	a	31505	11
782	a	116	11
572	a	44	11
122	a	44	11
536	a	31505	11
122	c	44	11
745	a	85	11
91	a	31505	11
782	a	527	11
1142	a	44	11
1026	a	163	11
886	a	44	11
782	a	122	11
925	a	634	11
5	a	571	11
721	a	44	11
157	a	44	11
905	a	205	11
147	a	44	11
810	a	44	11
565	a	205	11
230	a	726	11
1147	a	571	11
91	a	205	11
1075	a	71	11
146270	a	31505	11
1122	a	1135	11
507	a	1135	11
146270	a	509	11
755	a	755	11
571	a	1135	11
1063	a	318	11
91	a	1135	11
5	a	571	11
1148	a	889	11
1037	a	726	11
1142	a	755	11
414	a	1135	11
428190	a	428190	11
322	a	578	11
414	a	162	11
1147	a	571	11
1146	a	737	11
987	a	755	11
987	a	578	11
1063	a	44	11
1135	a	318	11
791	a	578	11
1135	a	1135	11
611	a	44	11
234	a	571	11
987	a	1135	11
1063	a	428190	11
905	a	357	11
1146	a	861	11
1008	a	726	11
1133	a	580	11
821	a	357	11
145	a	57	11
543	a	834	11
414	a	538	11
414	a	357	11
72	a	538	11
803	a	538	11
414	a	538	11
1124	a	538	11
832	a	357	11
342	a	755	11
1	a	1	11
832	a	1135	11
199	a	1	11
238	a	923	11
234	a	1135	11
1043	a	1146	11
116	a	1146	11
446	a	31505	11
194	a	538	11
346	a	302	11
1063	a	302	11
419	a	538	12
429	a	268	12
784	a	268	12
825	a	302	12
429	a	889	12
71	a	889	12
233	a	91	12
493	a	91	12
1	a	91	12
234	a	91	12
1107	a	372	12
729	a	277	12
1	a	889	12
493	a	1030	12
493	a	234	12
446	a	889	12
621	a	1104	12
1087	a	432	12
432	a	1100	12
611	a	432	12
527	a	268	12
743	a	627	12
234	a	432	12
1975282	a	1100	12
122	a	91	12
1975282	a	233	12
493	a	234	12
719	a	302	12
852	a	432	12
61	a	1135	12
361	a	302	12
17	a	296	12
1057	a	145	12
17	a	234	12
17	a	296	12
384	a	233	12
419	a	1063	12
372	a	1135	12
633	a	1063	12
493	a	234	12
419	a	1157	12
1130	b	383	12
364	a	296	12
233	a	1154	12
234	a	234	12
1083	a	83	12
489	a	91	12
631	a	31505	12
631	a	636	12
700	a	1126	12
493	a	31505	12
235	a	782	12
59	a	432	12
184	a	432	12
611	a	1107	12
1137	a	91	12
716	a	432	12
1975282	a	952	12
1975282	a	1042	12
615	a	327	12
872	a	233	12
1	c	233	12
404	a	233	12
952	a	952	12
872	a	233	12
372	a	327	12
327	a	327	12
296	b	17	12
234	a	327	12
372	a	648	12
372	a	327	12
234	a	327	12
615	c	699	12
910	a	233	12
234	a	699	12
781	a	1083	12
1050	a	648	12
225	a	67	12
832	a	327	12
832	a	327	12
568	a	327	12
525	a	327	12
327	a	327	12
791	a	234	12
1043	a	92	12
1493	a	327	12
960	a	67	12
905	a	419	12
1063	a	327	12
905	a	91	12
964	a	204	12
493	a	419	12
493	a	31505	12
987	a	419	12
987	a	31505	12
925	a	614	12
123	a	1007	12
1075	a	1094	12
91	a	327	12
1165	a	1094	12
1167	a	92	12
891	a	327	12
718	a	376	12
987	a	755	12
982	a	982	12
1169	a	376	12
893	a	837	12
716	a	844	12
615	a	844	12
905	a	837	12
1026	a	844	12
341	a	837	12
419	a	982	12
1172	a	31505	12
493	a	493	12
897	a	960	12
1126	a	837	12
842	a	1084	12
784	a	837	12
1065	a	1084	12
188	a	1084	12
342	a	837	12
1007	a	887	12
342	a	887	12
188	a	493	12
279	a	1084	12
905	a	1016	12
1065	c	493	12
1	a	493	12
887	a	1016	12
614	a	1182	12
765	a	1126	12
784	a	1016	12
1192	a	1016	12
1078	a	1078	12
767	a	767	12
1069	a	1193	12
1042	a	1042	12
887	a	1016	12
611	a	1016	12
968	a	1193	12
49	a	1016	12
630	a	1016	12
1077	a	462	12
968	a	1193	12
897	a	1048	12
1030	a	1193	12
1382	a	1185	12
1042	a	1078	12
267	a	493	12
267	c	383	12
275	a	383	12
1042	a	1078	12
377	a	383	12
1174	a	837	12
1196	a	383	12
905	a	383	12
936	a	383	12
267	a	123	12
1122	a	383	12
383	a	493	12
42	a	123	12
1035	a	123	12
1185	a	493	12
267	a	58	12
727	a	834	12
377	a	493	12
905	a	49	12
1190	a	123	12
887	a	1016	12
982	a	1213	12
1131	a	1182	12
887	a	1016	12
1075	a	1213	12
1069	a	1213	12
614	a	1213	12
914	a	1109	12
267	a	383	12
914	a	137	12
1065	a	383	12
1219	a	49	12
268	a	233	12
1094	a	383	12
267	a	383	12
968	a	383	12
1154	a	834	12
1005	a	755	12
1094	a	383	12
1154	a	1213	12
267	a	383	12
914	a	247	12
900	a	493	12
146270	a	834	12
1048	a	1048	12
37	a	349	12
146270	a	770	12
1220	a	383	12
31505	a	383	12
1219	a	264	12
1107	a	1193	12
1182	a	1182	12
993	a	1213	12
1219	a	383	12
987	a	493	12
414	a	162	12
900	a	900	12
1185	a	750	12
75	a	572	12
414	a	750	12
1975282	a	750	12
1231	a	750	12
543	a	572	12
708	a	900	12
428190	a	572	12
1107	a	572	12
914	a	22	12
737	a	123	12
326	a	572	12
1223	a	572	12
1220	a	1097	12
708	a	1094	12
755	a	637	12
279	a	637	12
974	a	637	12
521	a	123	12
1185	a	637	12
1109	a	1109	12
1226	a	572	12
1226	a	637	12
1206	a	1185	12
1131	a	1175	12
1107	a	1185	12
1195	a	1217	12
1109	a	266	12
1219	a	91	12
259	a	263	12
1109	a	85	12
383	a	1219	12
1220	a	1226	12
1219	a	1219	12
1238	a	637	12
1063	a	637	12
1109	a	26	12
1109	a	26	12
740	a	1219	12
1109	a	22	12
77	a	313	12
666	a	1226	12
1109	a	659	12
1220	a	1384652	12
198	a	571	12
1030	a	1384652	12
547	a	1384652	12
1030	a	1217	12
1175	a	311	12
863	a	571	12
1078	a	503	12
1030	a	571	12
1220	a	1190	12
414	a	1190	12
194	a	1190	12
106	a	1190	12
1223	a	659	12
1236	a	973	12
1016	a	1016	12
439	a	1	12
1190	a	479	12
238	a	1190	12
304	a	1190	12
1122	a	1190	12
305	a	1190	12
1236	a	381	12
1075	a	636	12
722	b	234	12
116	a	742	12
1236	a	123	12
872	a	742	12
432	b	611	12
414	a	1163	12
72	a	277	12
245	a	370	12
429	a	742	12
1043	a	381	12
1016	a	1220	12
1078	a	636	12
1233	a	17	12
122	a	92	12
571	a	313	12
71	a	1219	12
673	a	64	12
1016	a	2347826	12
17	a	327	12
122	a	64	12
91	a	373	12
380	a	373	12
122	a	92	12
64	a	31505	12
99	a	742	12
580	a	383	12
116	a	373	12
1247	a	266	12
414	a	288	12
905	a	288	12
380	a	288	12
414	c	380	12
429	c	380	12
380	c	380	12
872	a	288	12
655	a	326	12
722	a	326	12
1185	a	750	12
380	a	572	12
872	a	380	12
580	a	573	12
380	b	872	12
398	a	203	12
1208	a	203	12
1143	a	380	12
1016	a	373	12
543	a	288	12
936	a	750	12
872	a	380	12
580	a	573	12
972	a	380	12
1135	a	380	12
1035	a	288	12
872	a	750	12
116	a	288	12
1084	a	288	12
414	a	571	12
76	a	203	12
872	a	288	12
17	a	1245	12
1084	a	1245	12
727	a	204	12
203	b	76	12
64	a	64	12
203	a	203	12
748	a	1175	12
122	a	1190	12
194	a	1143	12
234	a	750	12
394	a	571	12
414	a	567	12
1175	a	1043	12
1208	a	763	12
1975282	a	1043	12
326	a	326	12
327	b	234	12
748	a	1175	12
122	a	1190	12
194	a	337	12
1122	a	1245	12
521	a	1190	12
1078	a	337	12
1143	a	337	12
1122	a	203	12
337	a	203	12
1975282	a	521	12
872	a	380	12
31505	a	521	12
1122	a	203	12
1122	a	203	12
423	a	230	12
1245	a	1245	12
1043	a	337	12
1220	a	203	12
872	a	380	12
987	a	380	12
1238	a	25	12
1185	a	354	13
1975282	a	354	13
361	a	105	13
993	a	186	13
1117	a	354	13
1254	a	337	13
993	a	781	13
1053	a	432	13
194	c	432	13
872	a	432	13
414	a	432	13
234	a	763	13
1253	a	337	13
615	a	1147	13
234	a	326	13
72	a	1147	13
571	a	203	13
872	b	615	13
133	a	354	13
571	a	203	13
571	a	326	13
1043	a	841	13
493	a	841	13
234	a	380	13
571	a	521	13
116	a	841	13
122	a	906	13
571	a	906	13
1043	a	906	13
116	a	116	13
312	a	722	13
1117	a	906	13
1208	a	573	13
785	a	841	13
5	a	841	13
1208	a	906	13
611	a	64	13
1256	a	973	13
17	a	115	13
1157	a	573	13
1042	a	1163	13
1256	a	209	13
631	a	631	13
13	a	1084	13
872	a	872	13
157	a	1256	13
859	a	1084	13
72	a	305	13
655	a	305	13
72	a	115	13
419	a	115	13
122	a	122	13
493	a	859	13
1190	a	383	13
1261	a	92	13
13	a	123	13
13	a	123	13
219	a	872	13
1124	a	437	13
1053	a	1190	13
1190	a	1190	13
1190	a	1190	13
202	a	1190	13
372	a	637	13
242	a	730	13
708	a	150	13
810	a	730	13
13	a	841	13
872	a	1263	13
1	a	805	13
1	a	150	13
522	a	805	13
805	a	730	13
1	a	285	13
372	a	730	13
363	a	437	13
372	a	285	13
872	a	805	13
372	a	841	13
615	a	1220	13
708	a	1220	13
49	a	1220	13
1220	a	1220	13
372	a	1220	13
718	a	805	13
1220	a	147	13
263	a	147	13
805	a	147	13
49	a	147	13
718	a	147	13
810	a	147	13
805	a	1220	13
1220	a	519	13
797	a	797	13
1220	a	841	13
369	a	637	13
493	a	147	13
889	a	305	13
872	a	1114	13
209	a	1220	13
872	a	1084	13
234	a	150	13
122	a	1084	13
234	a	805	13
486	a	305	13
528	a	85	13
1265	a	305	13
1220	a	1	13
198	a	797	13
380	a	209	13
116	a	906	13
1043	a	1220	13
571	a	519	13
1220	a	116	13
493	a	116	13
493	a	116	13
571	a	1220	13
116	a	116	13
1265	a	384	13
528	a	406	13
1220	a	122	13
372	a	122	13
202	a	122	13
571	a	122	13
1069	a	122	13
528	a	116	13
1265	a	116	13
699	a	122	13
122	a	1084	13
234	a	406	13
1266	a	91	13
985	a	745	13
893	a	116	13
1075	a	91	13
5	a	150	13
999	a	116	13
481	a	481	13
1069	a	406	13
936	a	147	13
872	a	1084	13
91	a	1269	13
905	c	831	13
5	a	831	13
91	c	831	13
982	a	982	13
968	c	831	13
5	a	203	13
372	a	203	13
905	a	1269	13
832	c	831	13
188	a	730	13
832	a	1269	13
832	a	122	13
1030	a	116	13
5	a	116	13
905	a	1271	13
383	a	1271	13
993	a	993	13
960	a	993	13
714	a	1114	13
993	a	993	13
51	a	993	13
383	a	993	13
372	a	993	13
1178	a	993	13
984	c	224	13
224	a	993	13
912	a	145	13
986	a	203	13
987	a	147	13
372	a	445	13
489	a	445	13
486	a	122	13
431	a	377	13
615	a	377	13
905	a	377	13
31505	a	377	13
372	a	377	13
31505	a	1384652	13
1075	a	377	13
1075	a	1384652	13
1143	a	1384652	13
832	a	1384652	13
1088	a	266	13
1278	a	31505	13
1000	a	486	13
1163	a	1163	13
383	a	486	13
1199	a	1007	13
31505	a	31505	13
905	a	445	13
342	a	263	13
842	a	1384652	13
198	a	285	13
1276	a	288	13
615	a	1169	13
905	a	905	13
615	a	905	13
1075	a	1169	13
891	a	1169	13
1042	a	1075	13
905	a	1269	13
636	a	1169	13
567	a	567	13
905	a	383	13
209	a	122	13
37	a	680	13
394	a	571	13
1030	a	383	13
1276	a	1083	13
733	a	1100	13
1269	a	1083	13
493	a	116	13
275	a	905	13
1297	a	1284	13
1304	a	1	13
493	a	1284	13
381	a	1304	13
1169	a	1169	13
1236	a	1304	13
1042	a	1169	13
75	a	1153	13
987	a	1304	13
755	a	1304	13
17	c	1122	13
200	a	1122	13
755	a	1304	13
863	a	1100	13
267	a	1304	13
17	a	115	13
312	a	1153	13
17	b	200	13
1309	a	1153	13
1122	c	1122	13
17	a	1030	13
1	a	1122	13
383	a	1030	13
960	a	1030	13
905	a	1030	13
1310	a	429	13
267	a	1030	13
863	a	1290	13
267	a	637	13
673	a	637	13
17	c	1122	13
149	a	637	13
810	a	637	13
26	a	637	13
1109	a	1290	13
767	a	767	13
905	a	637	13
1122	b	1	13
1314	a	987	13
961	a	637	13
267	a	912	13
17	b	1	13
1319	a	370	13
17	a	1309	13
361	a	1309	13
755	a	1309	13
414	a	1185	13
448	a	1185	13
372	a	1185	13
361	a	1185	13
75	a	1185	13
414	a	1030	13
1042	a	1122	13
377	a	1185	13
419	a	1185	13
889	a	1185	13
1236	a	1185	13
1291	a	1185	13
414	a	637	13
1219	a	543	13
414	a	543	13
414	a	912	13
1322	a	437	13
1154	a	1175	13
414	a	179	13
1179	a	1185	13
1297	a	354	13
414	a	2090742	13
372	a	1284	13
1114	a	85	13
984	a	232	13
33	a	354	13
1334	a	354	13
1327	a	234	13
1297	a	1284	13
372	a	1284	13
64	a	1185	13
1122	a	234	13
1297	a	1284	13
1192	a	551	13
419	a	1311	13
1331	a	1311	13
22	c	1088	13
543	a	543	13
1311	a	179	13
521	a	521	13
1975282	a	1204	13
77	a	1204	13
905	a	1204	13
730	a	299	13
1339	a	571	13
1975282	a	299	13
22	a	1109	13
1341	a	299	13
414	a	26	13
22	a	26	13
71	a	299	13
740	a	26	13
299	a	299	13
1341	a	46	13
912	a	204	13
372	a	1204	13
121	a	299	13
414	a	26	13
372	a	299	13
740	a	26	13
1343	a	912	13
1293	a	571	13
509	a	160	13
439	a	160	13
26	a	26	13
64	a	1204	13
268	a	160	13
1169	a	91	13
419	a	160	13
71	a	299	13
945	a	1143	13
22	a	266	13
737	a	737	13
832	a	1192	13
390	a	1192	13
1337	a	92	13
1109	b	22	13
1190	a	1185	13
936	a	305	13
419	a	1311	13
1154	a	305	13
598	a	209	13
414	a	305	13
363	a	1304	13
673	a	1175	13
275	a	1346	13
1185	a	305	13
77	a	832	13
1975282	a	1344	13
1336	a	91	13
1349	b	936	13
770	a	299	13
1347	a	1384652	13
1975282	a	299	13
1185	a	895	13
1975282	a	322	13
91	a	305	13
390	a	432	13
1175	a	1384652	13
631	a	299	13
1104	a	1384652	13
1347	a	637	13
414	a	64	13
700	a	383	13
312	a	64	13
685	a	116	13
1179	a	432	13
112	a	432	13
1310	a	1104	13
1149	a	1149	13
1192	a	322	13
895	a	895	13
1975282	a	327	13
1349	a	1030	13
432	a	123	13
810	a	1030	13
1146	a	112	13
75	a	1030	13
225	a	327	13
1343	a	432	13
419	a	1154	13
872	a	112	13
1975282	a	1356	13
268	a	112	13
1341	a	1194	13
1084	a	432	13
825	a	912	13
414	a	1030	13
1297	a	1360	13
1358	a	17	13
669	a	299	13
872	b	268	13
730	a	730	13
1254	a	1346	13
72	a	1154	13
1344	a	730	13
872	a	432	13
327	a	730	13
92	a	730	13
1254	a	299	13
942	a	299	13
77	a	1366	13
942	a	149	13
383	a	149	13
572	a	1318	13
673	a	1318	13
77	a	149	13
1290	a	1290	13
1220	a	149	13
162	a	1327	13
419	a	149	13
1311	a	149	13
35	c	1142	13
1367	a	1327	13
1220	a	1154	13
1249	a	1185	13
905	a	1318	13
266	a	1185	13
35	a	1310	13
1194	a	149	13
35	a	1318	13
35	a	730	13
35	a	1019	13
872	a	1019	13
572	a	322	13
1317	a	730	13
567	a	322	13
810	a	322	13
35	a	322	13
1369	a	445	13
267	a	1327	13
936	a	322	13
1367	a	1366	13
12081	a	322	13
1327	a	322	13
160	a	322	13
1194	a	383	13
1318	a	1318	13
731	a	149	13
872	a	322	13
619	a	1370	13
419	a	1310	13
521	a	383	13
1194	a	1341	13
740	a	1341	13
1341	a	1341	13
507	a	1341	13
317	a	1341	13
225	a	1341	13
149	a	337	13
1310	a	1310	13
44	a	337	13
383	a	383	13
1124	a	1370	13
1043	a	1014	13
1311	a	1370	13
942	a	1327	13
1043	a	1366	13
77	a	1366	13
42	a	322	13
1248	c	1142	13
1117	a	432	13
350	a	337	13
327	a	337	13
1249	a	431	13
332	a	1366	13
1199	a	1366	13
42	a	1366	13
905	a	337	13
1366	a	1366	13
942	a	1048	13
1109	c	266	13
1291	a	1368	13
872	a	1366	13
91	a	1368	13
91	a	730	13
444	a	337	13
1219	a	1190	13
42	a	337	13
852	a	112	13
636	a	730	13
77	a	580	13
234	a	1048	13
872	a	337	13
459	a	459	13
234	a	841	13
1337	a	219	13
71	a	459	13
1227	a	322	13
1370	a	1343	13
960	a	1204	13
419	a	1341	13
580	a	580	13
1254	a	1254	14
646	a	31505	14
1372	a	730	14
1376	a	841	14
1370	a	337	14
608	a	1336	14
234	a	299	14
1219	a	39	14
708	a	1204	14
275	a	1380	14
1063	a	905	14
489	a	369	14
5	a	299	14
489	a	234	14
234	b	37	14
1381	a	1381	14
322	a	34	14
1043	a	34	14
419	a	34	14
813	c	383	14
1043	a	234	14
419	a	1380	14
722	a	748	14
30	a	748	14
428	a	748	14
1043	a	748	14
419	a	889	14
49	a	493	14
811	a	362	14
1117	a	905	14
122	a	493	14
713	a	748	14
952	a	1381	14
952	a	26	14
9	a	26	14
194	a	26	14
748	a	1366	14
493	a	26	14
788	a	459	14
697	a	459	14
872	a	1256	14
419	a	1256	14
1043	a	1256	14
872	a	1256	14
1190	a	841	14
1389	a	1256	14
872	a	1256	14
49	a	493	14
1254	a	1117	14
49	a	1117	14
372	a	1366	14
372	a	1256	14
372	a	391	14
419	a	391	14
372	a	285	14
1042	a	285	14
1117	a	1254	14
234	a	1366	14
1117	a	1254	14
493	a	391	14
357	a	391	14
188	a	391	14
357	a	1381	14
700	a	1366	14
357	a	337	14
392	a	1366	14
357	a	149	14
1327	a	1366	14
571	a	1117	14
1117	a	571	14
534	a	1392	14
725	a	391	14
419	a	1392	14
493	a	391	14
493	a	285	14
431	a	1366	14
725	a	1256	14
419	a	1254	14
1117	a	105	14
493	a	1117	14
1310	a	1	14
725	a	338	14
105	a	105	14
5	a	285	14
1220	a	337	14
1117	a	105	14
529	a	1263	14
528	a	338	14
225	a	1130	14
404	a	105	14
1050	a	116	14
423	a	1130	14
1117	a	1130	14
872	a	1220	14
116	a	1220	14
423	a	1220	14
718	a	1220	14
872	a	1220	14
493	a	1220	14
1190	a	1220	14
257	a	1220	14
1327	a	1366	14
493	a	1220	14
1396	a	1396	14
225	a	1220	14
714	a	1043	14
714	a	1043	14
714	a	1344	14
1192	b	46	14
598	a	571	14
51	a	1396	14
721	a	1130	14
188	a	338	14
1063	a	115	14
224	a	767	14
1063	a	1220	14
775	a	1130	14
116	a	115	14
338	a	338	14
422	a	338	14
115	a	115	14
968	a	1154	14
115	a	1392	14
1975282	a	276	14
372	a	493	14
259	a	276	14
832	a	1269	14
1265	a	1396	14
87	a	1396	14
954	a	1025	14
1304	a	1007	14
372	a	1360	14
332	a	299	14
954	a	277	14
832	a	832	14
905	a	34	14
832	a	1078	14
422	a	1078	14
905	a	1396	14
905	a	1336	14
770	a	1078	14
905	a	1078	14
1069	c	834	14
1030	a	834	14
198	a	96	14
974	a	834	14
718	a	2083160	14
966	a	966	14
893	a	274	14
987	a	2083160	14
905	a	982	14
1069	a	982	14
987	a	982	14
1192	a	2083160	14
987	a	982	14
936	a	2083160	14
2083160	a	2083160	14
1060	a	1311	14
987	a	2083160	14
1078	a	1078	14
1344	a	730	14
988	a	834	14
987	a	905	14
718	a	31505	14
900	a	317	14
905	b	987	14
905	a	990	14
1060	a	990	14
842	a	1030	14
1276	a	990	14
1030	a	990	14
1276	a	31505	14
987	a	905	14
1075	a	1037	14
905	b	987	14
995	a	1384652	14
1344	a	1384652	14
1185	a	1030	14
960	a	1037	14
419	a	1030	14
1123	a	1037	14
987	a	194	14
198	a	1030	14
1340	a	1030	14
1154	c	194	14
905	a	91	14
49	a	1016	14
1254	a	1078	14
1117	a	1037	14
987	b	987	14
1117	a	912	14
905	c	905	14
1302	a	990	14
1409	a	1030	14
1219	a	1190	14
1154	a	990	14
1146	a	912	14
1143	c	493	14
832	a	1212	14
905	a	1212	14
1154	a	1212	14
905	a	730	14
1117	a	1212	14
1220	a	194	14
842	a	1030	14
1109	a	26	14
357	a	1212	14
175	a	1030	14
1190	a	1190	14
987	a	1	14
357	a	990	14
1322	a	854	14
1373	a	233	14
1035	a	257	14
960	a	1030	14
414	a	214	14
175	a	751	14
77	a	1311	14
1341	a	1220	14
414	a	990	14
1367	a	33	14
1318	a	1311	14
905	a	83	14
805	a	1311	14
26	a	26	14
905	c	767	14
1208	a	1220	14
805	a	767	14
1185	a	767	14
794	a	31505	14
1117	a	1220	14
414	a	1219	14
767	a	767	14
1418	a	1418	14
936	a	1418	14
1421	a	1030	14
758	a	1117	14
83	a	83	14
77	a	1311	14
35	a	268	14
905	a	83	14
35	a	1271	14
77	a	1271	14
905	a	1271	14
357	a	1271	14
1433	a	1219	14
372	a	1078	14
533	a	1271	14
648	a	1078	14
636	a	1271	14
1433	a	1271	14
942	a	298	14
1431	a	637	14
1414	a	990	14
936	a	1271	14
1060	a	1078	14
1069	a	1078	14
1438	a	75	14
648	a	1341	14
46	a	990	14
1414	a	1384652	14
1042	a	5	14
1357	a	886	14
648	a	1432	14
1431	a	571	14
1529	a	39	14
5	a	93	14
1432	a	849	14
77	c	708	14
77	a	968	14
72	a	849	14
5	a	2	14
419	a	1075	14
1414	a	86	14
1448	a	116	14
905	a	1078	14
960	a	2	14
1529	a	1078	14
5	a	1	14
1453	a	1271	14
1078	a	1078	14
1208	a	1078	14
203	b	571	14
1343	a	1078	14
1219	a	1220	14
1421	a	849	14
1212	a	1075	14
1185	a	1220	14
245	a	1	14
1042	a	214	14
1117	a	702	14
927	a	432	14
1449	a	432	14
987	a	432	14
1219	a	1078	14
536	a	702	14
1043	a	432	14
1185	a	1450	14
1220	a	1450	14
77	a	1450	14
897	a	697	14
1043	a	1450	14
268	a	1450	14
419	a	1463	14
432	a	1	14
1463	a	314	14
905	a	1455	14
1466	a	381	14
676	a	1448	14
1370	a	25	14
748	a	1455	14
1043	a	1219	14
960	a	1219	14
1373	a	1219	14
1219	a	1219	14
22	a	1109	14
519	a	889	14
1416	a	116	14
116	a	990	14
1124	a	1455	14
1042	a	1455	14
1448	a	1448	14
1450	a	1450	14
92	a	12081	14
905	a	12081	14
1450	a	1470	14
1043	a	115	14
122	a	115	14
122	a	12081	14
338	a	115	14
72	a	349	14
872	a	1450	14
242853	a	854	14
1238	a	1254	14
905	a	1254	14
414	a	179	14
987	a	1254	14
5	a	1463	14
1190	a	1470	14
1448	a	742	14
795	a	1	14
1220	a	1368	14
763	a	1368	14
383	a	1368	14
733	a	1470	14
77	a	1368	14
1190	a	1368	14
1433	a	1219	14
763	a	1368	14
676	a	680	14
1368	a	1368	14
580	a	25	14
1043	a	179	14
960	a	1467	14
580	a	93	14
1433	a	1078	14
419	a	428190	14
419	a	1478	14
733	a	428190	14
740	a	428190	14
1317	a	872	14
432	a	25	14
1438	a	680	14
733	a	428190	14
1478	a	1478	14
1455	a	1455	14
432	a	872	14
740	a	428190	14
1412	a	25	14
872	a	1368	14
4	a	1467	14
733	a	428190	14
960	a	322	14
116	a	1341	14
1441	a	1467	14
1344	a	322	14
733	a	428190	14
1409	a	25	14
580	a	1478	14
1414	a	322	14
1311	a	432	14
1398	a	1	14
966	a	1470	14
1334	a	1373	14
1409	a	1030	14
1311	a	1470	14
77	a	940	14
533	a	1050	14
1249	a	109	14
71	a	109	14
428190	a	428190	14
363	a	1	14
1219	a	672	14
71	a	1484	14
1037	a	672	14
733	a	428190	14
1482	a	1477	14
519	a	1249	14
1438	a	872	14
1484	a	672	14
342	a	912	14
779	a	872	14
342	a	276	14
317	a	672	14
1154	a	672	14
814	a	814	14
1441	a	672	14
987	a	672	14
415	a	1368	14
1117	a	1469	14
317	a	404	14
1233	a	1463	14
357	a	1469	14
987	a	404	14
1247	a	276	14
565	a	404	14
83	a	1469	14
5	a	1469	14
1483	a	373	14
83	a	1368	14
238	a	311	14
40	a	1477	14
1347	a	572	14
238	a	311	14
1370	a	25	14
1347	a	137	14
755	a	381	14
1249	a	373	14
1368	a	1368	14
1483	a	1477	14
1438	a	527	14
1347	a	1117	14
1497	a	91	15
1347	a	318	15
71	a	489	15
1412	a	381	15
1472	a	1	15
1069	a	489	15
1500	a	318	15
1430	a	115	15
1200	a	115	15
116	a	25	15
646	a	571	15
1478	a	1478	15
1227	a	115	15
109	a	109	15
1344	a	1344	15
541	a	350	15
116	a	25	15
122	a	172	15
814	a	814	15
872	a	172	15
1244	a	122	15
116	a	25	15
1195	a	322	15
958	a	172	15
122	a	1430	15
72	a	1430	15
1477	a	1491425	15
115	a	296	15
5	a	296	15
872	a	1430	15
268	a	172	15
731	a	350	15
1195	a	172	15
958	a	92	15
1471	a	172	15
392	a	489	15
122	a	255	15
791	a	255	15
419	c	1490	15
872	a	172	15
188	a	484	15
493	a	255	15
1249	a	255	15
1043	a	40	15
194	a	636	15
1219	a	1430	15
737	a	172	15
645	a	179	15
116	a	484	15
235	a	791	15
116	a	122	15
430	a	314	15
1061	a	1430	15
1508	a	40	15
1508	a	1254	15
1061	a	1430	15
1061	a	1368	15
1346	a	568	15
1436	a	1368	15
1513	a	40	15
1472	a	311	15
77	a	1368	15
13	a	459	15
77	a	1436	15
1436	a	489	15
543	a	172	15
1370	a	1368	15
1436	a	1436	15
314	a	314	15
77	a	1436	15
813	a	103	15
834	a	103	15
115	a	103	15
834	a	791	15
5	a	40	15
224	a	1368	15
5	a	837	15
795	a	172	15
1438	a	1247	15
995	a	207	15
489	a	1036	15
995	a	1036	15
370	a	1036	15
1053	a	905	15
905	a	905	15
92	a	905	15
905	a	905	15
868	a	103	15
202	a	905	15
905	a	905	15
341	a	12081	15
46	a	905	15
1518	a	905	15
115	a	103	15
1109	b	22	15
1517	a	91	15
1483	a	637	15
1165750	a	1344	15
1521	a	1521	15
727	a	770	15
200	a	1344	15
1344	a	103	15
1367	a	568	15
1037	a	770	15
304	a	172	15
891	a	905	15
372	c	770	15
891	a	905	15
797	a	40	15
748	a	905	15
1531	a	92	15
619	a	122	15
905	a	886	15
1037	a	1532	15
1389	a	770	15
653	a	209	15
372	a	157	15
1175	a	136	15
1538	a	396	15
1538	a	357	15
748	a	905	15
522	a	748	15
522	a	1536	15
1476	a	1536	15
1536	a	748	15
905	a	380	15
1545	a	1368	15
853	a	1036	15
423	a	1130097	15
17	a	1368	15
1130097	a	1130097	15
1538	c	268	15
1549	a	92	15
1554	a	1368	15
811	a	784	15
199	a	784	15
430	a	314	15
3582	a	268	15
1491	a	1536	15
1554	a	1185	15
905	a	383	15
1554	a	383	15
905	a	1190	15
887	a	1185	15
905	a	1407	15
1344	a	1407	15
1491	a	1450	15
1407	a	58	15
17	a	1130097	15
954	a	1450	15
1344	a	1407	15
304	a	1557	15
1450	a	1557	15
1559	a	380	15
267	a	1185	15
1554	a	83	15
1557	a	1190	15
1353	a	122	15
1450	c	1353	15
137	a	314	15
931	a	791	15
267	a	905	15
1557	a	235	15
1490	a	1100	15
1557	a	917	15
1572	a	91	15
1154	a	1368	15
1572	a	905	15
267	a	1368	15
1532	a	1384652	15
1490	a	39	15
1554	a	1100	15
1472	a	1190	15
1490	a	441	15
1069	a	797	15
1490	a	1573	15
404	a	1573	15
1428	a	204	15
525	a	204	15
803	a	1366	15
1554	a	1554	15
267	a	1581	15
1200	a	1581	15
77	a	1581	15
803	a	770	15
1472	a	814	15
803	a	143	15
304	a	1557	15
811	a	1384	15
1557	a	834	15
1384	a	1384652	15
1577	a	1554	15
936	a	441	15
838	a	770	15
1975282	a	143	15
699	a	1554	15
791	a	770	15
1975282	a	1554	15
304	a	1557	15
936	a	143	15
3180	a	813	15
1266	a	81	15
1185	a	770	16
1492	a	91	16
960	a	1554	16
242853	a	1266	16
714	a	770	16
1266	a	1014	16
116	a	1581	16
1190	a	1266	16
791	a	1581	16
429	a	1266	16
960	a	1266	16
1554	b	960	16
291	a	1581	16
541	a	1581	16
960	a	1554	16
636	a	1581	16
372	a	81	16
763	a	137	16
1175	a	1554	16
5	a	81	16
1554	a	31505	16
1104	a	1104	16
1104	a	1554	16
748	a	1368	16
636	a	1368	16
990	a	1554	16
714	a	1104	16
537	a	886	16
1554	a	886	16
891	a	1266	16
615	a	100	16
537	a	100	16
748	a	31505	16
1117	a	1233	16
1436	a	1554	16
5	a	322	16
534	a	1392	16
714	a	551	16
1337	a	406	16
805	a	770	16
1554	a	1256	16
1553	a	1256	16
763	a	1256	16
1436	a	1256	16
1542	a	1384652	16
1585	a	430	16
429	a	522	16
1117	a	423	16
891	a	522	16
1585	a	522	16
430	a	430	16
1199	a	430	16
1	a	430	16
1	a	322	16
1436	a	556	16
541	a	1436	16
699	a	1554	16
1554	a	27687	16
1436	a	27687	16
1545	a	1436	16
1545	a	556	16
1117	a	1554	16
1559	a	439	16
1545	a	230	16
1559	a	905	16
204	a	40	16
1559	a	33	16
1559	a	905	16
392	a	1455	16
792	a	784	16
372	c	1463	16
1463	c	1463	16
1592	a	1117	16
1463	a	1463	16
693	a	1455	16
1592	a	448	16
5	a	1455	16
143	a	143	16
242853	c	1266	16
100	a	1266	16
116	a	1266	16
1249	a	1266	16
958	a	1266	16
116	a	1266	16
872	a	1266	16
990	a	1463	16
5	a	1463	16
1130097	a	1554	16
714	a	268	16
891	a	905	16
1431	a	763	16
1109	a	137	16
1370	a	1455	16
1109	a	1384652	16
1407	a	481	16
1534	a	1596	16
137	a	1384652	16
137	a	784	16
481	a	481	16
86	a	86	16
192	a	91	16
1175	a	1536	16
1026	a	1596	16
615	a	1154	16
893	a	1344	16
1585	a	3180	16
1559	a	1154	16
194	a	1154	16
1344	a	3180	16
49	a	1154	16
1578	a	116	16
1491	a	3180	16
1559	a	100	16
1527	a	1266	16
1578	a	1366	16
533	a	1344	16
1491	c	813	16
1491	a	1344	16
372	a	1154	16
1578	a	194	16
33	a	1154	16
1527	a	25	16
1559	a	1271	16
1559	a	940	16
212	a	1154	16
268	a	33	16
1611	a	1536	16
653	a	571	16
200	a	33	16
1200	a	314	16
849	a	1130097	16
1614	a	1130097	16
1612	a	872	16
1532	a	314	16
1612	a	274	16
1491	a	1615	16
1614	a	1615	16
1554	b	598	16
1554	b	372	16
905	a	1154	16
1491	a	1615	16
1612	a	1536	16
305	a	1542	16
1043	a	1542	16
1430	a	1430	16
51	a	1542	16
1600	a	563	16
307	a	1013	16
5	a	1536	16
1600	a	1043	16
541	a	1013	16
1612	a	122	16
1430	a	1622	16
1616	a	230	16
1109	a	1043	16
541	a	1542	16
199	a	1615	16
1370	a	1629	16
533	c	1615	16
5	a	230	16
905	a	1629	16
1430	a	796	16
1600	a	1233	16
1358	a	1635	16
1358	a	184	16
1358	c	337	16
1370	a	184	16
122	a	184	16
1075	a	1043	16
1109	a	1622	16
137	a	184	16
1344	a	1622	16
137	a	1536	16
1600	a	121	16
1645	a	184	16
392	a	184	16
380	a	337	16
380	a	337	16
1370	a	184	16
437	a	184	16
1600	c	434	16
1425	a	131	16
3	a	257	16
1425	a	40	16
1600	a	556	16
1421	a	1370	16
1648	a	888	16
17	a	1463	16
1600	a	1463	16
893	a	1370	16
1651	a	1646	16
1035	a	1651	16
1266	a	1651	16
1421	a	1649	16
1651	a	1651	16
1635	a	1635	16
1370	a	1370	16
1358	a	1266	16
1037	a	1615	16
1635	a	1245	16
1659	a	1649	16
1654	a	722	16
1635	a	17	16
150	a	1649	16
1370	a	722	16
891	a	172	16
137	a	722	16
1654	a	547	16
1461	a	184	16
234	a	234	16
1472	a	48281	16
234	a	483	16
1104	a	1615	16
1521	a	184	16
1615	a	184	16
1659	a	31505	16
1069	a	1638	16
234	a	1470	16
1659	a	1615	16
1472	a	1370	16
1635	a	1463	16
1667	a	1615	16
1367	a	446	16
1370	a	1370	16
1472	a	1615	16
1266	c	1266	16
1659	a	708	16
446	a	446	16
1233	a	1635	16
1053	a	61	16
1659	a	626	17
1370	a	61	17
234	a	14446	17
234	a	61	17
1266	a	91	17
1462	a	1266	17
653	b	598	17
150	a	91	17
791	a	543	17
536	a	877	17
748	a	877	17
1577	a	1078	17
493	a	1680	17
1665	a	1680	17
1677	a	31505	17
369	a	1680	17
1577	a	1680	17
214	a	91	17
1682	a	1680	17
714	a	1512	17
214	a	61	17
257	a	1680	17
17	a	1680	17
1164871	a	877	17
1117	a	1117	17
17	a	615	17
533	a	877	17
493	a	1680	17
17	a	369	17
1659	a	784	17
1659	a	31505	17
1659	a	446	17
1666	a	1665	17
615	a	615	17
1644	a	391	17
55	a	1599	17
1693	a	1665	17
1599	a	1599	17
657	a	1599	17
1630	a	1630	17
700	a	1680	17
493	a	1599	17
1117	a	1599	17
493	a	1599	17
1630	a	1630	17
1975282	a	615	17
716	a	1599	17
700	a	1384652	17
825	a	1599	17
242	a	730	17
1538	a	1599	17
234	a	1599	17
1666	a	1632	17
872	a	1632	17
1384	a	1599	17
1063	a	1632	17
1632	a	1384652	17
1630	a	1630	17
1370	c	1630	17
1455	a	1632	17
825	a	1630	17
680	a	1632	17
795	a	1632	17
1599	a	1599	17
1677	a	1130097	17
202	a	1632	17
234	a	1632	17
958	a	1632	17
731	a	1632	17
291	a	1632	17
1697	a	653	17
1632	a	184	17
234	a	1630	17
291	a	1599	17
479	a	1632	17
1697	a	1632	17
5	a	184	17
1630	a	1632	17
1599	a	184	17
350	a	184	17
1256	a	1632	17
372	a	1659	17
482	a	1632	17
1702	a	1384652	17
1621	a	1632	17
1675	a	33	17
488	a	1599	17
1265	a	55	17
22	a	22	17
872	a	1632	17
1109	a	266	17
1630	a	1630	17
1621	a	961	17
968	a	961	17
259	a	1599	17
1630	a	1630	17
1710	a	905	17
1695	a	61	17
1659	a	31505	17
891	a	1534	17
968	a	1534	17
1630	a	1630	17
214	a	61	17
1630	a	1630	17
242853	a	1448	17
615	a	1534	17
1709	a	614	17
982	a	1632	17
1630	a	1630	17
936	a	1534	17
615	a	887	17
1404	a	1448	17
1709	a	406	17
1630	a	1630	17
116	a	1448	17
342	a	1266	17
1111	b	17	17
1069	a	914	17
1630	a	1630	17
1061	a	571	17
900	a	615	17
1659	a	1630	17
936	a	615	17
1709	a	1599	17
1630	a	1630	17
680	a	914	17
954	a	432	17
1030	a	914	17
1630	a	1630	17
49	a	1111	17
1630	a	1630	17
1111	a	1111	17
51	a	1659	17
1630	a	1630	17
1630	a	1630	17
1659	a	1407	17
954	a	1431	17
893	a	1431	17
266	a	1228206	17
1630	a	1630	17
1073	a	1078	17
1659	a	745	17
971	a	914	17
1073	a	637	17
914	a	745	17
1122	a	982	17
1630	a	1630	17
1109	a	1228206	17
1431	a	1431	17
1600	a	637	17
1703	a	982	17
905	a	982	17
914	a	1228206	17
1709	a	1431	17
1720	a	782	17
1630	a	1630	17
266	a	745	17
1633	a	745	17
1633	a	745	17
1199387	a	982	17
1602	a	745	17
1709	a	1720	17
745	a	914	17
1630	a	91	17
770	a	745	17
770	a	1703	17
1344	a	1703	17
1600	a	1720	17
1812	a	1703	17
512	a	1703	17
1073	a	91	17
195	a	1111	17
1709	a	1703	17
954	a	194	17
1725	a	1703	17
672	a	1724	17
1729	a	1703	17
1726	a	1245	17
1367	a	194	17
1693	a	1703	17
91	a	1006	17
1830	a	1703	17
1600	a	1703	17
270	a	648	17
1737	a	1724	17
1710	a	364	17
1659	a	1006	17
1042	a	2090742	17
1713	a	831	17
1600	a	745	17
1037	a	1724	17
893	a	831	17
1060	a	1703	17
1600	a	95	17
1713	a	149	17
49	a	745	17
1743	a	1743	17
268	a	1384	17
905	a	231	17
14446	a	14446	17
974	a	1632	17
268	a	311	17
1078	a	1630	17
1600	a	745	17
1389	a	1659	17
1600	a	1659	17
1078	a	631	17
267	a	1006	17
49	a	1659	17
572	a	1659	17
446497	a	745	17
1600	a	194	17
225	a	91	17
194	a	194	17
905	a	1683	17
1542	a	1632	17
372	a	1683	17
1659	a	1683	17
1659	a	1006	17
1695	a	274	17
1219	a	1683	17
493	a	1683	17
1762	a	1204	17
1630	b	1078	17
1659	b	1219	17
1409	a	1632	17
1185	a	396	17
1190	a	1703	17
1409	a	3180	17
1254	a	1659	17
993	a	993	17
572	a	1659	17
1200	a	1006	17
733	a	1545	17
51	a	1013	17
170	a	1492	17
1665	a	1665	17
748	a	1492	17
572	a	1492	17
1490	a	1490	17
922	a	1492	17
1212	a	1492	17
733	a	1545	17
1747	a	1492	17
1659	a	1108	17
292	a	914	17
1185	a	1077	17
1142	a	1142	17
51	a	1077	17
1769	a	1769	17
1318	a	1339	17
547	a	1318	17
832	a	1108	17
512	a	1492	17
1117	a	1077	17
1695	a	1108	17
1367	a	1077	17
685	a	572	17
733	a	1545	17
1108	a	1108	17
1334	a	1108	17
1769	a	1193	17
259	a	572	17
1042	a	1743	17
905	a	123	17
414	a	1030	17
1659	a	1108	17
1709	a	572	17
1776	a	1753	17
1117	a	123	17
1633	a	14446	17
1063	a	572	17
380	a	1193	17
832	a	1108	17
207	a	274	17
1975282	a	615	17
188	a	1492	17
1659	a	1108	17
1781	a	1108	17
1633	a	1492	17
1769	a	1030	17
905	a	1414	17
1545	a	1545	17
1659	a	1414	17
1632	a	1077	17
1249	b	1344	17
188	a	302	17
832	a	1108	17
1782	a	31505	17
1351	a	1351	17
1635	a	1351	17
900	a	615	17
1776	c	1351	17
1764	a	406	17
51	a	1212	17
685	a	572	17
936	a	1469	17
1373	a	1373	17
1776	a	1469	17
748	a	1351	17
1000	a	486	17
380	a	1469	17
1975282	a	1469	17
1862	a	1469	17
653	a	784	17
1254	a	1659	17
225	a	1212	17
1633	a	1430	17
740	a	1212	17
1975282	a	615	17
229	a	1741	17
1975282	a	1752	17
1758	a	1212	17
1338	a	1414	17
722	a	1545	17
1776	a	1632	17
1790	a	184	17
1111	a	1632	17
900	a	615	17
194	a	1752	17
1633	a	92	17
533	a	1212	17
1265	a	961	17
1713	a	527	17
1393	a	730	17
822	a	1632	17
730	b	1393	17
1618	a	61	17
1796	a	392	17
414	a	1632	17
905	a	1632	17
1441	a	730	17
1750	a	61	17
5	a	392	17
872	a	961	17
1419	a	730	17
1752	a	1752	17
1365	a	1752	17
763	a	1492	17
1799	a	1743	17
1781	a	242853	17
872	a	242853	17
194	a	242853	17
1314	a	1632	17
259	a	292	17
1043	a	1414	17
1042	a	1078	17
29	a	1212	17
71	a	369	17
736	a	1414	17
162	a	1212	17
1069	a	1414	17
17	a	1659	17
1179	a	58	17
1109	a	58	17
590	a	58	17
1611	a	242853	17
1219	a	1734	17
872	a	58	17
1179	a	58	17
350	a	242853	17
1247	a	1734	17
1776	a	619	17
572	a	1776	17
1809	a	292	17
1247	a	1793	17
1370	a	619	17
1808	a	31505	17
1344	a	619	17
1078	a	1734	17
1771	a	59	17
714	a	1043	17
1810	a	1375	17
175	a	292	17
1254	a	1734	17
1719	a	1752	17
770	a	1375	17
1425	a	58	17
1816	c	1375	17
1254	a	1169	17
72	a	1339	17
905	a	1816	17
150	a	1816	17
1343	a	1734	17
1763	a	58	17
1117	a	1816	17
748	a	1816	17
72	a	1375	17
1043	a	1816	17
1124	a	83	17
1813	a	1733	17
1763	a	571	17
1795	a	396	17
1621	b	48	17
1117	a	1734	17
898	a	396	17
832	a	1816	17
1786	a	396	17
1069	a	1414	17
1318	a	1795	17
517	a	1816	17
1786	a	1463	17
1233	a	1351	17
1821	a	91	17
150	a	1795	17
1769	a	1816	17
1069	a	1463	17
1771	a	1771	17
1365	a	1795	17
1043	a	396	17
1795	a	1534	17
905	a	1795	17
50	a	1771	17
419	a	1365	17
905	a	1795	17
1190	a	1795	17
1185	a	1795	17
414	a	1365	17
150	a	636	17
1117	a	877	17
1597	a	271	17
1650	a	1795	17
404	a	271	17
1813	a	1795	17
1117	a	1795	17
322	a	1795	17
1629	a	396	17
1249	a	396	17
727	a	493	17
905	a	877	17
1316	a	1680	17
1358	a	636	17
1117	a	1463	17
1316	a	1749	17
770	a	1749	17
150	a	1752	17
1795	a	1463	17
1393	a	1185	17
1414	a	1185	17
1749	a	1749	17
1347	a	1630	17
26	a	1795	17
1797	a	322	17
1816	a	573	17
1818	a	1194	17
1797	a	361	17
1611	a	1776	17
1600	a	361	17
905	a	361	17
1233	a	636	17
893	a	1323	17
1042	a	1042	17
1786	a	1414	17
414	a	1463	17
1323	a	648	17
810	a	1463	17
1786	a	1463	17
1219	a	1463	17
1797	a	1323	17
149	a	1463	17
83	a	1795	17
1533	a	1463	17
1412	a	573	17
1600	a	1323	17
1441	a	648	17
55	a	1323	17
428190	a	1463	17
740	a	1463	17
1322	a	479	17
1323	a	340	17
905	a	1463	17
1467	a	1836	17
1463	a	1463	17
149	a	361	17
1752	a	1463	17
1467	a	1323	17
1063	a	479	17
1836	a	1463	17
1491	a	479	17
1648	a	1836	17
230	a	1836	17
1409	a	1836	17
1781	a	1836	17
357	a	1463	17
40	a	1323	17
357	a	1463	17
1117	a	1752	17
295	a	60	17
810	a	1224	17
392	a	1224	17
611	a	745	17
1795	a	1224	17
615	a	1224	17
1311	a	170	17
1463	a	1463	17
905	a	1224	17
1476	a	1323	17
905	a	5	17
267	a	1375	17
1249	a	1224	17
163	a	5	17
234	a	1375	17
414	a	1841	17
905	a	1463	17
1797	a	116	17
698	a	1116	17
748	a	1363	17
122	a	1412	17
1813	a	736	17
1821	a	1841	17
1538	a	1323	17
194	a	116	17
194	a	1363	17
361	a	1363	17
1648	a	1739	17
1795	a	5	17
1219	a	1116	17
234	a	1463	17
1807	a	311	17
1310	a	1793	17
1841	a	1841	17
234	a	1739	17
199	a	1190	17
234	a	1743	17
1797	a	1384652	17
537	a	1638	17
1199387	a	1384652	17
414	b	414	17
1739	a	1739	17
1841	c	1841	17
1841	b	414	17
392	a	1538	18
1807	a	163	18
1659	a	1659	18
1690	a	31505	18
708	a	1116	18
1813	a	1538	18
699	a	1849	18
1370	a	1739	18
1035	a	1538	18
611	a	1739	18
1797	c	1670	18
547	a	116	18
1164871	a	31505	18
645	a	1545	18
234	a	1797	18
1370	a	1797	18
372	a	1116	18
1797	a	1043	18
1813	a	459	18
533	a	1043	18
361	a	1849	18
72	a	305	18
1043	a	1739	18
1633	a	479	18
1556	a	1370	18
1855	a	982	18
1347	a	1339	18
1560	a	31505	18
1438	a	518	18
1862	a	518	18
1693	a	1848	18
1739	a	1739	18
40	a	1797	18
372	a	982	18
392	a	1848	18
49	a	1013	18
1862	a	1370	18
194	a	369	18
1569	a	1632	18
1600	a	369	18
372	a	369	18
2089740	a	1630	18
1616	a	369	18
77	b	372	18
1867	a	1795	18
234	a	982	18
1618	a	1632	18
1618	a	1370	18
77	a	1855	18
1659	a	708	18
1569	a	369	18
1491	a	883	18
1600	a	883	18
1870	a	1848	18
17	a	1855	18
372	b	372	18
791	a	1632	18
116	a	1043	18
1491	a	1043	18
1213	a	1370	18
17	a	692	18
1870	a	479	18
791	a	708	18
49	a	2099426	18
714	a	1043	18
49	a	493	18
275	a	493	18
708	a	493	18
1659	a	493	18
1848	a	1776	18
943	a	1870	18
493	a	391	18
17	a	1463	18
1659	a	486	18
1659	a	1767	18
372	a	708	18
718	a	1224	18
17	a	700	18
1870	a	486	18
699	a	486	18
1693	a	257	18
872	a	1739	18
1848	a	257	18
257	a	257	18
194	a	447	18
1649	a	447	18
447	a	447	18
1855	a	863	18
178	a	1858	18
1659	a	430	18
1877	a	447	18
1659	c	708	18
1659	a	1875	18
751	a	1767	18
536	a	1875	18
1491	a	1511	18
805	a	1511	18
1491	a	1881	18
1675	a	1870	18
493	a	1511	18
1370	a	1659	18
1353	a	1309	18
1611	a	1870	18
615	a	1580	18
257	a	1659	18
699	a	1870	18
943	a	1870	18
1882	a	1629	18
14446	a	1659	18
1882	a	968	18
716	a	1881	18
307	a	1629	18
14446	a	33	18
788	a	1881	18
200	a	1339	18
943	a	700	18
1233	a	1339	18
1848	a	1339	18
307	a	1511	18
115	a	1771	18
1227	a	1339	18
257	a	1881	18
1233	a	447	18
188	a	1875	18
1043	a	1875	18
658	a	1650	18
493	a	470	18
307	a	1650	18
486	a	1043	18
493	a	1886	18
1046	a	447	18
372	a	1650	18
611	a	307	18
1265	a	1043	18
615	a	1848	18
372	a	1886	18
1886	a	31505	18
615	a	788	18
1635	a	1848	18
943	a	26	18
535	a	1848	18
1370	a	61	18
611	a	470	18
1043	c	1875	18
1265	a	61	18
1075	a	1875	18
1370	a	1693	18
534	a	1875	18
1600	a	708	18
1666	a	1650	18
1366	a	1650	18
61	a	61	18
100	a	708	18
1053	a	1888	18
342	a	1659	18
1750	a	26	18
1644	a	91	18
1398	a	1888	18
100	a	1888	18
1659	a	1888	18
1891	a	1875	18
714	a	1875	18
1702	a	307	18
718	a	31505	18
1888	a	1463	18
611	a	1888	18
924	a	1693	18
716	a	1888	18
1886	a	1888	18
1886	a	9611	18
380	a	1650	18
1886	a	1650	18
91	a	9611	18
1886	a	470	18
224	a	92	18
699	a	1659	18
1710	a	788	18
1596	a	1596	18
1710	a	1888	18
699	a	27687	18
1816	a	1873	18
1710	a	27687	18
889	a	1888	18
1075	a	9611	18
999	a	1084	18
832	a	788	18
49	a	838	18
960	a	838	18
832	a	838	18
1627	a	838	18
1886	a	838	18
1265	a	381	18
1398	a	381	18
1886	a	1890	18
429	a	1870	18
202	a	838	18
202	a	192	18
999	a	1084	18
91	a	27687	18
1709	a	1870	18
1695	a	1870	18
381	a	1895	18
974	a	1309	18
116	a	381	18
1398	a	1895	18
1695	a	1895	18
372	a	1895	18
1659	a	1888	18
1895	a	1895	18
1896	a	1670	18
1193	a	1895	18
475	a	1895	18
1659	a	1888	18
1061	a	39	18
974	a	1870	18
1013	a	770	18
1897	a	92	18
1730	a	1870	18
446497	a	1870	18
267	a	163	18
718	a	1870	18
1873	a	1873	18
1556	a	381	18
1060	a	1858	18
966	a	1580	18
238	a	1084	18
1900	a	192	18
995	a	446497	18
1820	a	1769	18
446497	a	1384652	18
1000	a	1870	18
372	a	1122	18
1666	a	1870	18
1000	a	1870	18
1025	a	322	18
1739	a	1739	18
369	a	1084	18
1000	a	1650	18
1464	a	86	18
188	a	544	18
377	a	377	18
1174	a	86	18
1169	a	9611	18
1703	a	1650	18
120	a	838	18
1810	a	1658	18
214	a	1658	18
1730	a	1870	18
214	a	1888	18
3180	a	3180	18
1793	c	1793	18
791	a	1650	18
1042	a	1693	18
1000	a	1870	18
1169	a	1888	18
1820	a	86	18
1612	a	307	18
214	a	493	18
842	a	3180	18
1904	a	26	18
1629	a	1762	18
1612	a	26	18
1904	a	383	18
1710	a	1762	18
968	a	1762	18
1749	a	1749	18
887	a	470	18
1709	a	1870	18
199	a	1448	18
1629	a	838	18
304	a	1650	18
1117	a	26	18
486	a	1339	18
961	a	1749	18
1297	a	1122	18
470	a	1339	18
1638	b	537	18
572	a	1688440	18
968	a	1749	18
35	a	1749	18
1190	a	1688440	18
968	a	1749	18
1199	a	1448	18
1659	a	1688440	18
342	a	381	18
1611	a	1688440	18
887	a	470	18
268	a	1353	18
1511	a	1511	18
1297	a	203	18
905	a	203	18
893	a	1353	18
192	a	203	18
900	a	93	18
225	a	203	18
35	a	1629	18
832	a	1629	18
893	a	277	18
1820	a	1353	18
123	a	1353	18
238	a	1084	18
302	a	314	18
35	a	1629	18
1659	a	203	18
194	a	1629	18
194	a	277	18
17	a	1463	18
17	a	914	18
1219	a	914	18
1546	a	914	18
1409	a	914	18
1441	a	1339	18
372	a	914	18
810	a	914	18
17	a	834	18
1310	a	22	18
1168	a	834	18
1025	a	1688440	18
296	a	1738	18
1730	a	834	18
805	a	1533	18
1533	a	834	18
1104	a	834	18
1546	a	1830	18
75	c	58	18
1749	a	1749	18
1168	a	3180	18
17	a	285	18
1762	a	1762	18
985	a	676	18
1694	a	199	18
1414	a	834	18
1694	a	1448	18
285	a	285	18
486	a	914	18
357	a	357	18
1000	a	637	18
1749	a	1491425	18
588	a	1341	18
17	a	982	18
1168	a	982	18
419	a	285	18
733	a	1491425	18
1881	a	1881	18
1710	a	982	18
1920	a	1339	18
1917	a	219	18
75	a	58	18
1168	a	1000	18
1414	a	1749	18
1730	a	1000	18
1904	a	1000	18
22	b	1310	18
1233	a	1491425	18
268	a	1169	18
1223	a	259	18
493	a	1683	18
1908	a	1414	18
1480	a	1169	18
30	a	1339	18
649	a	277	18
1908	a	64	18
1904	a	1013	18
285	a	285	18
1403	a	1491425	18
1233	a	834	18
17	a	117	18
285	a	285	18
1412	a	117	18
1219	a	117	18
1935	a	1596	18
1185	a	41	18
733	a	41	18
632	a	41	18
1200	a	41	18
1534	a	117	18
1886	a	117	18
1942	a	92	18
285	a	285	18
693	c	914	18
17	a	1414	18
1912	a	25	18
1291	a	1223	18
17	a	1946	18
383	a	1414	18
493	a	1463	18
1373	a	810	18
1248	a	115	18
17	a	1463	18
1026	a	1830	18
1533	a	1223	18
1227	a	1463	18
392	a	1463	18
22	a	905	18
326	a	1795	18
1886	a	1886	18
1174	a	86	18
22	a	1109	18
446497	a	1948	18
905	a	1948	18
1318	a	1666	18
1908	a	312	18
748	a	1948	18
770	a	1940	18
1950	a	31505	18
1219	a	1940	18
40	c	1000	18
1954	a	1948	18
1797	a	58	18
40	a	1948	18
198	a	765	18
1951	a	1948	18
1908	a	274	18
770	a	652	18
1025	a	1948	18
1659	a	1956	18
1959	a	1948	18
72	a	149	18
51	a	149	18
733	c	149	18
1730	a	1948	18
1165587	a	942	18
1940	a	1666	18
194	a	920	18
1951	a	920	18
722	a	149	18
805	a	149	18
5	a	1948	18
1908	a	920	18
1865	a	31505	18
1573	a	920	18
1318	a	277	18
733	a	149	18
541	a	920	18
1962	a	920	18
740	a	1311	18
1968	a	920	18
1951	a	1801	18
51	a	1311	18
31505	a	1801	18
5	a	1801	18
1490	a	652	18
194	a	920	18
1960	a	1311	18
479	a	149	18
1310	a	1958	18
1367	a	920	18
1767	a	31505	18
17	a	164	18
1200	a	1801	18
544	b	188	18
1367	a	1801	18
1644	a	1580	18
150	a	1958	18
31505	a	1801	18
533	a	1545	18
1659	a	1344	18
1951	a	1344	18
1580	a	1948	18
1797	a	1344	18
267	a	1344	18
31505	a	1344	18
1870	a	1870	18
5	a	1344	18
905	a	1344	18
186	a	1615	18
1683	a	1683	18
1970	a	1000	18
175	a	149	18
1870	a	486	18
40	a	149	18
1	a	1000	18
1026	a	164	18
1782	a	1951	18
175	a	1688440	18
1227	a	1951	18
1975	a	285	18
175	a	1450	18
1818	a	122	18
1042	a	1948	18
64	a	1951	18
142	a	370	18
1977	a	1951	18
1862	a	1951	18
55	a	1323	18
437	a	666	18
1600	a	1464	18
35	a	1464	18
1975	a	1223	18
765	a	149	18
1782	a	1104	18
1875	a	1464	18
1914	a	428190	18
428190	a	1944	18
304	a	1104	18
1958	a	1104	18
194	a	428190	18
25	a	1344	18
1975282	a	1464	18
1862	a	1944	18
1344	a	428190	18
35	a	1944	18
1914	a	1944	18
298	a	1464	18
1750	a	1104	18
1862	a	428190	18
1580	a	428190	18
748	a	914	18
428190	a	428190	18
922	a	1464	18
1710	a	1104	18
1970	a	1944	18
1976	a	428190	18
619	a	1944	18
517	a	1944	18
1194	c	1219	18
380	a	1989	18
517	a	1989	18
1985	a	563	18
1546	a	1989	18
380	a	1894	18
863	a	863	18
1795	a	117	18
1940	a	1219	18
1993	a	428190	18
1117	a	1478	18
1432	a	318	18
1795	a	1463	18
1219	a	162	18
1739	a	3180	18
75	a	1448	18
1432	a	96	18
72	a	1063	18
1694	a	1063	18
689	a	1632	18
1982	a	1632	18
194	a	1063	18
1795	a	1545	18
72	a	1632	18
1782	a	1632	18
1797	a	1063	18
914	a	1063	18
1659	a	1344	18
1200	a	1632	18
1104	a	1063	18
805	a	805	18
1975282	a	1849	18
71	a	1063	18
1912	a	277	18
1795	a	1632	18
1569	a	1254	18
748	a	1632	18
1633	a	277	18
1968	a	1463	18
765	a	1894	18
730	a	730	18
71	a	1992	18
17	a	1838	18
805	a	162	18
1953	a	1838	18
1795	a	1838	18
1818	a	1644	18
5	a	1838	18
1996	a	791	18
698	a	519	18
116	a	1944	18
999	a	137	18
1999	a	1795	18
573	a	834	18
999	a	40	18
1790	a	1838	18
573	a	22	18
1821	a	1944	18
1853	a	122	18
1956	a	1956	18
744	a	1	18
224	a	1223	18
1165587	a	1194	18
17	a	2007	18
1894	a	920	18
2010	a	1944	18
2006	a	1463	18
17	a	1944	18
893	a	1948	18
470	a	1339	18
1606	a	572	18
1752	a	1632	18
1790	a	396	18
1956	a	1975282	18
2007	a	2007	18
41	a	1975282	18
1960	a	1366	18
17	a	1366	18
581	a	1975282	18
1953	a	1366	18
245	a	1888	18
784	a	1659	18
770	a	1624	18
1659	a	1888	18
1853	a	1104	18
1996	a	765	18
428190	a	1912	18
149	a	149	18
380	a	733	18
1810	a	1659	18
2016	a	1912	18
247	a	247	18
123	a	1185	18
1816	a	1185	18
1431	a	1797	18
1996	a	486	18
1797	a	2017	18
51	a	1936	18
429	a	1786	18
1117	a	1786	18
317	a	1185	18
893	a	1185	18
1817	a	733	18
1914	a	1185	18
1996	a	1769	18
194	a	1786	18
51	a	1786	18
1116	a	396	18
581	a	1786	18
1994	a	357	18
1616	a	1185	18
1233	a	1185	18
2011	a	1185	18
2018	a	1185	18
41	a	1185	18
92	a	2019	18
1247	a	2017	18
1116	a	1185	18
2019	a	149	18
893	a	149	18
1747	a	205	18
1247	a	2017	18
1165587	a	733	18
1464	a	1185	18
1190	a	149	18
1284	a	1580	18
2018	a	381	18
1611	a	149	18
1116	a	149	18
1862	a	1975282	18
288	a	396	18
55	a	381	18
1960	a	1789	18
1247	a	381	18
1117	a	2017	18
1816	a	1873	18
1996	a	2017	18
1470	a	149	18
1854	a	39	18
1190	a	1104	18
1940	a	2018	18
1694	a	2019	18
1412	a	1659	18
380	a	230	18
238	a	1912	18
748	a	2017	18
1311	a	2018	18
304	a	2024	18
380	a	230	18
1480	a	2024	18
1810	a	1048	18
1048	a	230	18
1993	a	305	18
404	a	1368	18
748	a	1048	18
588	a	1848	18
1993	a	337	18
1996	a	204	18
5	a	1368	18
1375	a	1976	18
1659	a	1368	18
1310	a	1958	18
2017	c	2009	18
588	a	2024	18
905	a	1976	18
2018	a	25	18
698	a	1638	18
2031	a	744	18
578	a	578	18
71	a	230	18
1992	a	1992	18
1835	a	1650	18
1632	a	2018	18
1992	a	2018	18
1799	a	1739	18
1996	a	661	18
1311	a	744	18
1960	a	1976	18
2018	a	2018	18
2029	a	2029	18
1311	a	2018	18
1982	a	614	18
1659	a	2029	18
25	a	2018	18
1799	a	1841	18
317	a	1633	18
1996	a	755	18
2018	a	1633	18
1809	a	765	18
1676	a	204	18
1786	a	1853	18
5	a	1853	18
611	a	1853	18
1659	a	1853	18
1375	a	1853	18
1813	a	1633	18
611	a	2018	18
1799	a	522	18
1494	a	868	18
77	a	1929	18
1190	a	2018	18
5	a	744	19
77	a	578	19
77	a	1853	19
372	a	149	19
1580	a	1580	19
1532	a	1912	19
1467	a	2018	19
77	a	1363	19
1666	a	1428	19
1117	a	1363	19
887	a	1853	19
1323	a	1323	19
1992	a	116	19
17	a	1782	19
1117	a	578	19
486	a	1912	19
456	a	432	19
1791	a	432	19
1790	c	432	19
2041	a	116	19
736	b	1813	19
2041	a	1363	19
1659	a	1782	19
1542	a	40	19
736	a	1560	19
813	a	40	19
392	a	1560	19
1797	a	40	19
1659	a	1560	19
372	a	1560	19
1347	a	1789	19
1659	a	1556	19
813	a	40	19
1467	a	40	19
372	a	1782	19
748	a	1782	19
1043	a	1556	19
202	a	1199387	19
1799	a	381	19
5	a	5	19
580	a	5	19
813	a	40	19
1851	a	1560	19
1199387	a	5	19
1894	a	1782	19
1542	a	40	19
446497	a	432	19
1830	a	1556	19
432	a	1449	19
2047	a	1368	19
1666	a	1438	19
1797	a	432	19
446497	a	1449	19
1553	a	1438	19
1366	a	1449	19
645	c	1545	19
958	a	1438	19
1438	a	1438	19
1818	a	1199387	19
1449	c	1647	19
1666	a	1110	19
1862	a	1110	19
1199387	a	1199387	19
1954	a	1647	19
1291	a	1368	19
35	a	1368	19
1057	a	394	19
1293	a	1199387	19
1536	a	1110	19
1848	a	432	19
1954	a	1560	19
1533	a	2056	19
1951	a	2056	19
99	a	199	19
611	a	1449	19
219	a	432	19
2051	a	202	19
372	a	2056	19
1199	a	432	19
611	a	522	19
493	a	1853	19
1954	a	1464	19
392	a	2056	19
394	b	1057	19
741	a	1368	19
1951	a	2056	19
522	a	2056	19
1993	a	1110	19
825	a	1449	19
430	a	432	19
1254	a	522	19
1366	a	522	19
1104	a	1880	19
825	a	1830	19
868	a	1880	19
237	a	202	19
611	a	2057	19
225	a	1110	19
1542	a	1110	19
1781	a	1880	19
952	a	1880	19
1147	a	1853	19
718	a	1948	19
1925	a	1368	19
204	a	40	19
1351	a	1368	19
204	a	1438	19
1975282	b	1862	19
1351	a	2017	19
1630	a	1630	19
1653	a	1339	19
1750	a	1339	19
430	a	1438	19
1630	a	1630	19
1347	a	5	19
1436	a	1368	19
1432	a	91	19
1627	a	338	19
1084	a	1339	19
242	a	338	19
1043	a	803	19
1432	a	122	19
493	a	209	19
1630	a	803	19
338	a	338	19
4	a	268	19
1627	a	338	19
522	a	91	19
943	a	1870	19
446497	a	2057	19
92	a	338	19
446497	a	338	19
1848	a	1339	19
64	c	5	19
1414	a	338	19
342	a	1630	19
372	a	718	19
55	a	716	19
680	a	1693	19
1366	a	1693	19
231	a	231	19
1043	a	716	19
446497	a	716	19
2072	c	2057	19
1814	a	1693	19
350	a	716	19
350	a	1110	19
338	a	1693	19
372	a	1110	19
1448	a	1448	19
338	a	1110	19
1549	a	5	19
486	a	2057	19
893	a	432	19
893	a	432	19
1702	a	1449	19
1786	a	432	19
1814	a	1185	19
100	a	432	19
55	a	1366	19
611	a	1366	19
338	a	1366	19
350	a	1366	19
116	a	1366	19
116	a	716	19
1478	a	432	19
377	b	580	19
1968	a	716	19
100	a	2074	19
580	a	198	19
2077	a	1693	19
635	a	327	19
1968	a	357	19
1897	a	428190	19
375	a	1366	19
1659	a	716	19
1697	a	338	19
372	a	832	19
1975282	a	1147	19
1659	a	832	19
1908	a	1851	19
1904	a	519	19
1897	a	1632	19
580	a	1147	19
1450	a	1693	19
1688440	a	1632	19
1450	a	1762	19
227	a	1762	19
274	a	1632	19
1996	a	1720	19
227	a	718	19
372	a	718	19
1450	a	718	19
274	a	1762	19
914	a	432	19
1659	a	718	19
580	a	1880	19
238	a	432	19
1556	a	716	19
1908	a	718	19
1168	a	1556	19
380	a	1762	19
51	a	1556	19
1908	a	920	19
905	a	718	19
893	c	1556	19
1297	a	1851	19
1908	a	920	19
1612	a	1762	19
227	a	580	19
1816	a	580	19
2080	a	1762	19
891	a	580	19
364	a	364	19
615	a	364	19
214	a	1556	19
1908	a	364	19
1677	a	1414	19
214	a	1560	19
1737	a	2015	19
1870	a	1870	19
716	a	716	19
1904	a	744	19
1908	a	86	19
1870	a	86	19
755	a	86	19
1870	a	1762	19
304	a	86	19
1820	a	86	19
1000	a	86	19
1697	a	1762	19
611	a	379	19
1633	a	340	19
611	a	91	19
1920	a	381	19
2018	a	340	19
1633	a	342	19
1461	a	770	19
91	a	91	19
379	a	379	19
580	a	1147	19
1853	a	486	19
1000	a	1693	19
893	a	580	19
1801	a	832	19
1344	a	1693	19
1853	a	484	19
1951	a	580	19
893	a	379	19
1000	a	718	19
1666	a	1951	19
1908	a	1951	19
372	a	1951	19
1951	a	832	19
1820	a	1951	19
2092	a	1693	19
1870	a	580	19
267	a	1951	19
1709	a	2095	19
988	a	580	19
2089	a	1951	19
1820	a	832	19
1969	a	580	19
1116	a	770	19
379	a	379	19
342	a	2095	19
2084	a	1122	19
716	a	2095	19
1730	a	2095	19
1709	a	1870	19
914	a	1762	19
2093	a	381	19
1693	a	2095	19
1659	b	364	19
2084	a	1951	19
2092	a	340	19
2093	a	486	19
380	a	1693	19
960	a	1693	19
372	a	1693	19
158302	a	832	19
1969	a	1969	19
2098	a	1693	19
2102	a	1951	19
194	a	1693	19
1830	a	1912	19
1726	a	1693	19
1042	a	1912	19
381	a	381	19
52	a	2104	19
380	a	2104	19
1726	a	2104	19
194	a	2104	19
1075	a	905	19
2105	a	194	19
1534	a	2104	19
615	a	2078	19
372	a	2078	19
1042	a	1693	19
2109	a	1126	19
20	a	1912	19
1820	a	1693	19
1403	a	1912	19
2087	a	191	19
194	a	1683	19
17	a	1683	19
791	a	2095	19
100	a	1683	19
91	a	1683	19
572	a	2095	19
2078	a	912	19
2104	a	2104	19
1659	c	905	19
17	a	1912	19
960	a	905	19
1912	a	1693	19
17	a	481	19
1875	a	832	19
2078	a	636	19
905	a	1039	19
832	a	1269	19
1951	a	2116	19
91	a	2116	19
212	a	2116	19
267	a	2116	19
2119	a	2116	19
1821	a	2095	19
1904	a	527	19
1659	a	493	19
1013	a	1693	19
2098	a	2116	19
275	a	493	19
1851	a	1851	19
1659	a	832	19
2084	a	838	19
419	a	785	19
42	a	493	19
2095	a	838	19
1898	a	1841	19
1199	a	745	19
1130097	a	1130097	19
1908	c	1683	19
2120	a	1693	19
1862	a	2084	19
1659	a	493	19
1816	a	673	19
1061	a	2084	19
17	a	2084	19
1830	a	2084	19
1683	a	1683	19
1908	a	1853	19
2098	a	1306	19
863	a	716	19
1517	a	1880	19
2084	a	2084	19
920	a	920	19
1709	a	493	19
42	a	673	19
673	a	673	19
1185	a	1185	19
1694	a	2128	19
1912	a	2128	19
227	a	1185	19
446497	a	2128	19
1694	a	1084	19
863	a	2128	19
202	a	1765	19
2132	a	2128	19
162	a	162	19
1084	a	2128	19
2131	a	738	19
1310	a	738	19
1168	a	2084	19
227	a	781	19
1471	a	738	19
267	a	781	19
1862	a	2084	19
1851	a	1310	19
1911	a	781	19
1254	a	522	19
2104	a	417	19
361	a	486	19
392	a	486	19
17	a	486	19
1075	a	486	19
2104	a	1767	19
998	a	1310	19
361	a	2173	19
1441	a	781	19
446497	a	486	19
1908	a	419	19
202	a	1310	19
1436	a	486	19
1323	a	888	19
1542	a	486	19
968	a	1925	19
1908	a	486	19
29	a	29	19
2024	a	2024	19
1367	a	486	19
1853	a	1853	19
194	a	2086	19
1862	a	1925	19
2084	a	2086	19
960	a	1463	19
200	a	1463	19
1709	a	1190	19
2098	c	29	19
2137	a	781	19
2084	a	1463	19
1658	a	1658	19
1188	a	1463	19
116	a	1084	19
2086	a	781	19
1624	a	1624	19
536	a	42	19
2130	a	486	19
1970	a	1925	19
2120	a	29	19
1786	a	1000	19
1786	a	31505	19
832	a	1463	19
1908	a	64	19
157	a	814	19
1975282	a	2144	19
909	a	2144	19
905	a	1463	19
1975282	a	64	19
1975282	b	909	19
2143	a	1463	19
960	a	2147	19
1190	a	2128	19
194	a	770	19
1975	a	2147	19
2019	a	770	19
1951	a	204	19
1925	a	1925	19
417	a	744	19
1982	a	741	19
770	a	741	19
1797	a	1946	19
1975282	a	1946	19
740	a	741	19
954	a	277	19
1293	a	2086	19
740	a	71	19
547	a	1946	19
954	a	1946	19
377	b	954	19
619	a	1946	19
1190	a	71	19
914	a	2086	19
204	a	204	19
1585	a	29	19
277	a	1776	19
137	a	1000	19
1732	a	340	19
1293	a	71	19
1797	a	770	19
1540	a	770	19
954	a	1946	19
2141	a	770	19
925	a	1776	19
1540	a	744	19
204	a	204	19
1799	a	2057	19
1799	a	755	19
909	a	1429	19
954	a	1946	19
920	a	920	19
2120	a	1429	19
1951	a	1946	19
1912	a	1429	19
814	a	925	19
419	a	925	19
1293	a	2147	19
307	a	1925	19
317	a	1946	19
5	a	285	19
770	a	26	19
636	a	925	19
740	a	1124	19
2147	a	1946	19
432	a	432	19
1731	a	2147	19
2249	a	682	19
5	a	770	19
1945	a	1306	19
1534	a	920	19
1190	a	1450	19
26	a	26	19
1659	a	1456	19
748	c	1223	19
1344	a	1306	19
1804	a	1946	19
814	a	814	19
636	a	1946	19
40	a	1110	19
1063	a	1	19
71	a	71	19
1865	a	1124	19
1534	a	840	19
2018	a	840	19
1084	a	1084	19
872	a	954	19
1595	a	392	19
5	a	392	19
157	a	1892	19
2120	a	1892	19
1797	a	1892	19
1595	a	1892	19
2168	a	1892	19
2165	a	1097	19
1478	a	1478	19
1951	a	1097	19
1199	a	1256645	19
1862	a	1097	19
1453	a	229	19
22	a	1290	19
1199	a	1256645	19
920	a	920	19
71	a	2172	19
770	a	1097	19
2156	a	733	19
1975282	a	149	19
160	a	2172	19
71	a	149	19
794	a	149	19
805	a	1097	19
1473493	a	514	19
1130097	a	1256645	19
1293	a	1097	19
1975282	a	2018	19
1965	a	2018	19
1683	a	1256645	19
1595	b	16929	19
394	a	1892	19
5	a	2018	19
1219	a	2018	19
350	a	2156	19
1097	a	1097	19
810	a	810	19
2168	a	514	19
1242	a	1461	19
1975282	a	324	19
1130097	a	324	19
1862	a	1097	19
905	a	149	19
111	a	149	19
1432	a	916	19
1293	a	514	19
1432	a	2018	19
1975282	a	111	19
922	a	2018	19
1242	a	39	19
1627	a	324	19
2009	a	111	19
1432	a	916	19
71	a	514	19
2015	a	1461	19
1219	a	111	19
1310	a	916	19
580	a	486	19
2009	a	514	19
1556	c	370	19
572	a	514	19
1075	a	111	19
1471	a	916	19
905	a	111	19
1556	c	1130097	19
212	a	916	19
1976	a	2056	19
1818	a	1130097	19
1926	a	2056	19
1862	a	1130097	19
1438	a	230	19
1911	a	1473493	19
832	a	327	19
1130097	a	31505	19
5	a	572	19
1310	a	1310	19
832	a	1473493	19
1638	a	327	19
1384652	a	2056	19
2179	a	2018	19
785	a	111	19
5	a	2011	19
832	a	2011	19
2179	a	2011	19
377	a	2011	19
238	a	572	19
1908	a	572	19
1130097	a	2011	19
1964	a	486	19
832	a	229	19
230	a	1219	19
1801	a	832	19
1242	a	2011	19
2109	a	2011	19
2078	a	230	19
1242	a	2011	19
770	a	229	19
1862	a	225	19
1288	a	225	19
317	a	225	19
1450	a	2011	19
2134	a	227	19
184	a	184	19
1874	a	1124	19
1453	a	229	19
1242	a	838	19
2084	c	184	19
332	c	184	19
1242	a	2078	19
332	a	1130097	19
1450	a	184	19
71	a	2011	19
893	a	184	19
1219	a	184	19
1908	a	184	19
2131	a	916	19
1853	a	916	19
1311	a	184	19
1862	b	893	19
1908	a	1043	19
234	a	184	19
2148	a	1130097	19
2095	a	2078	19
645	a	324	19
2131	a	184	19
1875	a	184	19
350	a	184	19
332	a	1043	19
1582	a	1007	19
1293	a	1043	19
1116	a	1473493	19
194	a	2191	19
2148	a	2185	19
296	a	1219	19
414	a	31505	19
2131	a	357	19
1254	a	2191	19
1219	a	1219	19
1573	a	357	19
2183	a	357	19
1242	a	1219	19
1831	a	31505	19
357	a	357	19
645	a	2191	19
1194	a	357	19
350	a	357	19
1219	a	1219	19
414	a	357	19
1194	a	184	19
414	a	2134	19
1545	a	357	19
1175	a	1219	19
1993	a	357	19
116	a	184	19
380	a	2134	19
414	a	357	19
357	a	357	19
1227	a	357	19
1556	a	2134	19
1908	a	2134	19
1175	a	2134	19
105	a	105	19
437	a	2185	19
1471	a	1219	19
1911	a	1219	19
357	a	357	19
1438	a	1438	19
1851	a	1219	19
1311	a	2134	19
116	a	1438	19
357	a	357	19
1147	a	838	19
2188	a	92	19
357	a	2134	19
1975	a	1219	19
1293	a	357	19
1006	a	2191	19
2194	a	1219	19
2118	a	428190	19
1908	a	2118	19
1982	a	1851	19
905	a	1965	19
741	a	31505	19
1908	a	428190	19
234	a	428190	19
2148	a	1219	19
1412	a	428190	19
1574	a	1219	19
507	a	1632	19
2148	a	2118	19
2084	a	1975	19
1993	a	428190	19
2199	a	357	19
580	a	111	19
279	a	1730	19
1338	a	1013	19
1993	a	1858	19
5	a	1013	19
1293	c	238	19
4	a	2144	19
2199	a	357	19
2031	a	238	19
521	a	238	19
5	a	357	19
2199	a	1013	19
4	a	27687	19
2118	a	238	19
1965	a	1965	19
1611	a	357	19
2199	a	357	19
1208	a	1851	19
2199	a	1043	19
2199	a	184	19
993	a	357	19
9	a	905	19
2208	a	685	20
380	a	1293	20
71	a	1293	20
1666	a	2206	20
993	a	1293	20
2148	a	905	20
1897	a	184	20
2031	a	2031	20
1336	a	357	20
993	a	184	20
414	a	1588	20
1750	a	1293	20
1491	a	199	20
2208	a	1533	20
811	a	1588	20
615	a	1588	20
2210	a	2031	20
428190	a	428190	20
680	a	1588	20
2019	a	1588	20
1588	a	1588	20
2001	a	1588	20
2025	a	184	20
2148	a	1293	20
1697	a	184	20
234	a	1781	20
1438	a	357	20
1852	a	428190	20
122	a	1588	20
2209	a	1043	20
1632	a	1588	20
234	a	2206	20
2131	a	357	20
598	a	692	20
512	a	2134	20
2213	a	184	20
2019	a	1588	20
372	a	1588	20
598	a	475	20
91	a	2134	20